# Mon 15:02:38 06-Nov-2017
begin	b1008
	task	fitcoords
	axis	1
	units	angstroms
	surface	32
		2.
		6.
		4.
		1.
		1.
		2112.
		1.
		350.
		4685.345996468469
		1523.61841223952
		61.67136988642254
		-6.067033022353334
		2.253788017913032
		1.969325976184204
		0.5630893994872872
		5.852424181979511
		6.771480632838455
		6.683957974683876
		3.743251110262657
		2.097535372280804
		1.915907017429025
		5.964352836946997
		5.5806819782293
		7.625482220530617
		3.184028978168328
		2.837781014205808
		3.849443110396619
		11.71721538980485
		13.5258109791499
		13.98319297001331
		7.604618164722369
		4.611235789797231
# Mon 15:21:02 06-Nov-2017
begin	b1008
	task	fitcoords
	axis	1
	units	angstroms
	surface	32
		2.
		6.
		4.
		1.
		1.
		2112.
		1.
		350.
		4685.345996468469
		1523.61841223952
		61.67136988642254
		-6.067033022353334
		2.253788017913032
		1.969325976184204
		0.5630893994872872
		5.852424181979511
		6.771480632838455
		6.683957974683876
		3.743251110262657
		2.097535372280804
		1.915907017429025
		5.964352836946997
		5.5806819782293
		7.625482220530617
		3.184028978168328
		2.837781014205808
		3.849443110396619
		11.71721538980485
		13.5258109791499
		13.98319297001331
		7.604618164722369
		4.611235789797231
