# Tue 11:47:55 21-Nov-2017
begin	tb1008
	task	fitcoords
	axis	1
	units	angstroms
	surface	32
		2.
		6.
		4.
		1.
		1.
		2048.
		1.
		300.
		4619.49635807604
		1422.286969585906
		-4.274683137250911
		-67.56890242939118
		-39.87652483879715
		-18.98560375405411
		-1.152479169566905
		0.3386977969800286
		0.307377622802384
		0.1858353147245849
		0.0541737807316598
		-0.01917387685363202
		0.08703725853247746
		-0.1510971381849548
		-0.09546109622592744
		-0.1825575097083238
		0.03228696334930532
		-0.07016039163831856
		0.002071375902678087
		0.1891343708920608
		-0.0260490750818032
		0.1667670559944046
		-0.038454228113462
		0.08869502478942898
