# Thu 11:41:49 14-Dec-2017
begin	tb1060
	task	fitcoords
	axis	1
	units	angstroms
	surface	32
		2.
		6.
		4.
		1.
		1.
		1251.
		1.
		300.
		4109.30056998785
		-153.6025628253415
		-715.5728868591983
		95.2601231285558
		1370.081281826819
		1331.128829947199
		-3011.271468205781
		-6960.015913109721
		-4907.729049369035
		1413.462964609668
		8265.494061800261
		8815.594710748986
		-890.3971299508404
		-2113.969699014688
		-1478.518274802897
		188.4019866039448
		2749.956932313625
		2656.859329993794
		-1952.851378374093
		-4466.764121250269
		-3185.556942384591
		994.7922023785397
		5243.3819650455
		5691.29697338494
# Thu 11:44:11 14-Dec-2017
begin	tb1060
	task	fitcoords
	axis	1
	units	angstroms
	surface	32
		2.
		6.
		4.
		1.
		1.
		1251.
		1.
		300.
		4109.30056998785
		-153.6025628253415
		-715.5728868591983
		95.2601231285558
		1370.081281826819
		1331.128829947199
		-3011.271468205781
		-6960.015913109721
		-4907.729049369035
		1413.462964609668
		8265.494061800261
		8815.594710748986
		-890.3971299508404
		-2113.969699014688
		-1478.518274802897
		188.4019866039448
		2749.956932313625
		2656.859329993794
		-1952.851378374093
		-4466.764121250269
		-3185.556942384591
		994.7922023785397
		5243.3819650455
		5691.29697338494
# Thu 11:48:13 14-Dec-2017
begin	tb1060
	task	fitcoords
	axis	1
	units	angstroms
	surface	32
		2.
		6.
		4.
		1.
		1.
		1251.
		1.
		300.
		4109.30056998785
		-153.6025628253415
		-715.5728868591983
		95.2601231285558
		1370.081281826819
		1331.128829947199
		-3011.271468205781
		-6960.015913109721
		-4907.729049369035
		1413.462964609668
		8265.494061800261
		8815.594710748986
		-890.3971299508404
		-2113.969699014688
		-1478.518274802897
		188.4019866039448
		2749.956932313625
		2656.859329993794
		-1952.851378374093
		-4466.764121250269
		-3185.556942384591
		994.7922023785397
		5243.3819650455
		5691.29697338494
