# Wed 14:32:29 22-Nov-2017
begin	tr1007
	task	fitcoords
	axis	2
	units	angstroms
	surface	32
		2.
		6.
		4.
		1.
		1.
		311.0000000000001
		1.
		2725.
		7998.881452798957
		0.5968174912322443
		0.5742030797916078
		0.157197230988081
		0.1620806848482549
		-0.1735936420359328
		3447.897601589567
		-1.619383188231665
		1.759216763716463
		0.7778022923010392
		0.2603154391732734
		-0.4030371496765629
		20.43183823624314
		-0.8467085086182911
		1.87883137514861
		0.3056436615540688
		0.1826358171057115
		-0.2327888556330818
		-30.83149545159319
		-0.4686015872687331
		1.551003216368033
		0.4055387574363368
		0.2319602478922353
		-0.2281332243738113
# Wed 14:37:37 22-Nov-2017
begin	tr1007
	task	fitcoords
	axis	2
	units	angstroms
	surface	32
		2.
		6.
		4.
		1.
		1.
		311.0000000000001
		1.
		2725.
		7998.881452798957
		0.5968174912322443
		0.5742030797916078
		0.157197230988081
		0.1620806848482549
		-0.1735936420359328
		3447.897601589567
		-1.619383188231665
		1.759216763716463
		0.7778022923010392
		0.2603154391732734
		-0.4030371496765629
		20.43183823624314
		-0.8467085086182911
		1.87883137514861
		0.3056436615540688
		0.1826358171057115
		-0.2327888556330818
		-30.83149545159319
		-0.4686015872687331
		1.551003216368033
		0.4055387574363368
		0.2319602478922353
		-0.2281332243738113
# Wed 15:13:43 22-Nov-2017
begin	tr1007
	task	fitcoords
	axis	2
	units	angstroms
	surface	32
		2.
		6.
		4.
		1.
		1.
		311.0000000000001
		1.
		2725.
		7998.881452798957
		0.5968174912322443
		0.5742030797916078
		0.157197230988081
		0.1620806848482549
		-0.1735936420359328
		3447.897601589567
		-1.619383188231665
		1.759216763716463
		0.7778022923010392
		0.2603154391732734
		-0.4030371496765629
		20.43183823624314
		-0.8467085086182911
		1.87883137514861
		0.3056436615540688
		0.1826358171057115
		-0.2327888556330818
		-30.83149545159319
		-0.4686015872687331
		1.551003216368033
		0.4055387574363368
		0.2319602478922353
		-0.2281332243738113
# Wed 15:17:04 22-Nov-2017
begin	tr1007
	task	fitcoords
	axis	2
	units	angstroms
	surface	32
		2.
		6.
		4.
		1.
		1.
		311.0000000000001
		1.
		2725.
		7998.881452798957
		0.5968174912322443
		0.5742030797916078
		0.157197230988081
		0.1620806848482549
		-0.1735936420359328
		3447.897601589567
		-1.619383188231665
		1.759216763716463
		0.7778022923010392
		0.2603154391732734
		-0.4030371496765629
		20.43183823624314
		-0.8467085086182911
		1.87883137514861
		0.3056436615540688
		0.1826358171057115
		-0.2327888556330818
		-30.83149545159319
		-0.4686015872687331
		1.551003216368033
		0.4055387574363368
		0.2319602478922353
		-0.2281332243738113
# Wed 15:17:32 22-Nov-2017
begin	tr1007
	task	fitcoords
	axis	2
	units	angstroms
	surface	32
		2.
		6.
		4.
		1.
		1.
		311.0000000000001
		1.
		2725.
		7998.881452798957
		0.5968174912322443
		0.5742030797916078
		0.157197230988081
		0.1620806848482549
		-0.1735936420359328
		3447.897601589567
		-1.619383188231665
		1.759216763716463
		0.7778022923010392
		0.2603154391732734
		-0.4030371496765629
		20.43183823624314
		-0.8467085086182911
		1.87883137514861
		0.3056436615540688
		0.1826358171057115
		-0.2327888556330818
		-30.83149545159319
		-0.4686015872687331
		1.551003216368033
		0.4055387574363368
		0.2319602478922353
		-0.2281332243738113
# Wed 15:18:14 22-Nov-2017
begin	tr1007
	task	fitcoords
	axis	2
	units	angstroms
	surface	32
		2.
		6.
		4.
		1.
		1.
		311.0000000000001
		1.
		2725.
		7998.881452798957
		0.5968174912322443
		0.5742030797916078
		0.157197230988081
		0.1620806848482549
		-0.1735936420359328
		3447.897601589567
		-1.619383188231665
		1.759216763716463
		0.7778022923010392
		0.2603154391732734
		-0.4030371496765629
		20.43183823624314
		-0.8467085086182911
		1.87883137514861
		0.3056436615540688
		0.1826358171057115
		-0.2327888556330818
		-30.83149545159319
		-0.4686015872687331
		1.551003216368033
		0.4055387574363368
		0.2319602478922353
		-0.2281332243738113
# Thu 15:24:14 30-Nov-2017
begin	tr1007
	task	fitcoords
	axis	2
	units	angstroms
	surface	32
		2.
		6.
		4.
		1.
		1.
		311.0000000000001
		1.
		2725.
		7998.881452798957
		0.5968174912322443
		0.5742030797916078
		0.157197230988081
		0.1620806848482549
		-0.1735936420359328
		3447.897601589567
		-1.619383188231665
		1.759216763716463
		0.7778022923010392
		0.2603154391732734
		-0.4030371496765629
		20.43183823624314
		-0.8467085086182911
		1.87883137514861
		0.3056436615540688
		0.1826358171057115
		-0.2327888556330818
		-30.83149545159319
		-0.4686015872687331
		1.551003216368033
		0.4055387574363368
		0.2319602478922353
		-0.2281332243738113
# Thu 15:33:25 30-Nov-2017
begin	tr1007
	task	fitcoords
	axis	2
	units	angstroms
	surface	32
		2.
		6.
		4.
		1.
		1.
		311.0000000000001
		1.
		2725.
		7998.881452798957
		0.5968174912322443
		0.5742030797916078
		0.157197230988081
		0.1620806848482549
		-0.1735936420359328
		3447.897601589567
		-1.619383188231665
		1.759216763716463
		0.7778022923010392
		0.2603154391732734
		-0.4030371496765629
		20.43183823624314
		-0.8467085086182911
		1.87883137514861
		0.3056436615540688
		0.1826358171057115
		-0.2327888556330818
		-30.83149545159319
		-0.4686015872687331
		1.551003216368033
		0.4055387574363368
		0.2319602478922353
		-0.2281332243738113
# Thu 15:34:13 30-Nov-2017
begin	tr1007
	task	fitcoords
	axis	2
	units	angstroms
	surface	32
		2.
		6.
		4.
		1.
		1.
		311.0000000000001
		1.
		2725.
		7998.881452798957
		0.5968174912322443
		0.5742030797916078
		0.157197230988081
		0.1620806848482549
		-0.1735936420359328
		3447.897601589567
		-1.619383188231665
		1.759216763716463
		0.7778022923010392
		0.2603154391732734
		-0.4030371496765629
		20.43183823624314
		-0.8467085086182911
		1.87883137514861
		0.3056436615540688
		0.1826358171057115
		-0.2327888556330818
		-30.83149545159319
		-0.4686015872687331
		1.551003216368033
		0.4055387574363368
		0.2319602478922353
		-0.2281332243738113
# Thu 15:34:32 30-Nov-2017
begin	tr1007
	task	fitcoords
	axis	2
	units	angstroms
	surface	32
		2.
		6.
		4.
		1.
		1.
		311.0000000000001
		1.
		2725.
		7998.881452798957
		0.5968174912322443
		0.5742030797916078
		0.157197230988081
		0.1620806848482549
		-0.1735936420359328
		3447.897601589567
		-1.619383188231665
		1.759216763716463
		0.7778022923010392
		0.2603154391732734
		-0.4030371496765629
		20.43183823624314
		-0.8467085086182911
		1.87883137514861
		0.3056436615540688
		0.1826358171057115
		-0.2327888556330818
		-30.83149545159319
		-0.4686015872687331
		1.551003216368033
		0.4055387574363368
		0.2319602478922353
		-0.2281332243738113
# Thu 15:35:31 30-Nov-2017
begin	tr1007
	task	fitcoords
	axis	2
	units	angstroms
	surface	32
		2.
		6.
		4.
		1.
		1.
		311.0000000000001
		1.
		2725.
		7998.881452798957
		0.5968174912322443
		0.5742030797916078
		0.157197230988081
		0.1620806848482549
		-0.1735936420359328
		3447.897601589567
		-1.619383188231665
		1.759216763716463
		0.7778022923010392
		0.2603154391732734
		-0.4030371496765629
		20.43183823624314
		-0.8467085086182911
		1.87883137514861
		0.3056436615540688
		0.1826358171057115
		-0.2327888556330818
		-30.83149545159319
		-0.4686015872687331
		1.551003216368033
		0.4055387574363368
		0.2319602478922353
		-0.2281332243738113
# Thu 15:36:26 30-Nov-2017
begin	tr1007
	task	fitcoords
	axis	2
	units	angstroms
	surface	32
		2.
		6.
		4.
		1.
		1.
		311.0000000000001
		1.
		2725.
		7998.881452798957
		0.5968174912322443
		0.5742030797916078
		0.157197230988081
		0.1620806848482549
		-0.1735936420359328
		3447.897601589567
		-1.619383188231665
		1.759216763716463
		0.7778022923010392
		0.2603154391732734
		-0.4030371496765629
		20.43183823624314
		-0.8467085086182911
		1.87883137514861
		0.3056436615540688
		0.1826358171057115
		-0.2327888556330818
		-30.83149545159319
		-0.4686015872687331
		1.551003216368033
		0.4055387574363368
		0.2319602478922353
		-0.2281332243738113
# Thu 15:37:17 30-Nov-2017
begin	tr1007
	task	fitcoords
	axis	2
	units	angstroms
	surface	32
		2.
		6.
		4.
		1.
		1.
		311.0000000000001
		1.
		2725.
		7998.881452798957
		0.5968174912322443
		0.5742030797916078
		0.157197230988081
		0.1620806848482549
		-0.1735936420359328
		3447.897601589567
		-1.619383188231665
		1.759216763716463
		0.7778022923010392
		0.2603154391732734
		-0.4030371496765629
		20.43183823624314
		-0.8467085086182911
		1.87883137514861
		0.3056436615540688
		0.1826358171057115
		-0.2327888556330818
		-30.83149545159319
		-0.4686015872687331
		1.551003216368033
		0.4055387574363368
		0.2319602478922353
		-0.2281332243738113
# Thu 15:47:04 30-Nov-2017
begin	tr1007
	task	fitcoords
	axis	2
	units	angstroms
	surface	32
		2.
		6.
		4.
		1.
		1.
		311.0000000000001
		1.
		2725.
		7998.881452798957
		0.5968174912322443
		0.5742030797916078
		0.157197230988081
		0.1620806848482549
		-0.1735936420359328
		3447.897601589567
		-1.619383188231665
		1.759216763716463
		0.7778022923010392
		0.2603154391732734
		-0.4030371496765629
		20.43183823624314
		-0.8467085086182911
		1.87883137514861
		0.3056436615540688
		0.1826358171057115
		-0.2327888556330818
		-30.83149545159319
		-0.4686015872687331
		1.551003216368033
		0.4055387574363368
		0.2319602478922353
		-0.2281332243738113
# Thu 15:48:30 30-Nov-2017
begin	tr1007
	task	fitcoords
	axis	2
	units	angstroms
	surface	32
		2.
		6.
		4.
		1.
		1.
		311.0000000000001
		1.
		2725.
		7998.881452798957
		0.5968174912322443
		0.5742030797916078
		0.157197230988081
		0.1620806848482549
		-0.1735936420359328
		3447.897601589567
		-1.619383188231665
		1.759216763716463
		0.7778022923010392
		0.2603154391732734
		-0.4030371496765629
		20.43183823624314
		-0.8467085086182911
		1.87883137514861
		0.3056436615540688
		0.1826358171057115
		-0.2327888556330818
		-30.83149545159319
		-0.4686015872687331
		1.551003216368033
		0.4055387574363368
		0.2319602478922353
		-0.2281332243738113
# Fri 09:28:43 01-Dec-2017
begin	tr1007
	task	fitcoords
	axis	2
	units	angstroms
	surface	32
		2.
		6.
		4.
		1.
		1.
		311.0000000000001
		1.
		2725.
		7998.881452798957
		0.5968174912322443
		0.5742030797916078
		0.157197230988081
		0.1620806848482549
		-0.1735936420359328
		3447.897601589567
		-1.619383188231665
		1.759216763716463
		0.7778022923010392
		0.2603154391732734
		-0.4030371496765629
		20.43183823624314
		-0.8467085086182911
		1.87883137514861
		0.3056436615540688
		0.1826358171057115
		-0.2327888556330818
		-30.83149545159319
		-0.4686015872687331
		1.551003216368033
		0.4055387574363368
		0.2319602478922353
		-0.2281332243738113
# Fri 09:29:47 01-Dec-2017
begin	tr1007
	task	fitcoords
	axis	2
	units	angstroms
	surface	32
		2.
		6.
		4.
		1.
		1.
		311.0000000000001
		1.
		2725.
		7998.881452798957
		0.5968174912322443
		0.5742030797916078
		0.157197230988081
		0.1620806848482549
		-0.1735936420359328
		3447.897601589567
		-1.619383188231665
		1.759216763716463
		0.7778022923010392
		0.2603154391732734
		-0.4030371496765629
		20.43183823624314
		-0.8467085086182911
		1.87883137514861
		0.3056436615540688
		0.1826358171057115
		-0.2327888556330818
		-30.83149545159319
		-0.4686015872687331
		1.551003216368033
		0.4055387574363368
		0.2319602478922353
		-0.2281332243738113
# Fri 09:30:55 01-Dec-2017
begin	tr1007
	task	fitcoords
	axis	2
	units	angstroms
	surface	32
		2.
		6.
		4.
		1.
		1.
		311.0000000000001
		1.
		2725.
		7998.881452798957
		0.5968174912322443
		0.5742030797916078
		0.157197230988081
		0.1620806848482549
		-0.1735936420359328
		3447.897601589567
		-1.619383188231665
		1.759216763716463
		0.7778022923010392
		0.2603154391732734
		-0.4030371496765629
		20.43183823624314
		-0.8467085086182911
		1.87883137514861
		0.3056436615540688
		0.1826358171057115
		-0.2327888556330818
		-30.83149545159319
		-0.4686015872687331
		1.551003216368033
		0.4055387574363368
		0.2319602478922353
		-0.2281332243738113
# Fri 09:31:57 01-Dec-2017
begin	tr1007
	task	fitcoords
	axis	2
	units	angstroms
	surface	32
		2.
		6.
		4.
		1.
		1.
		311.0000000000001
		1.
		2725.
		7998.881452798957
		0.5968174912322443
		0.5742030797916078
		0.157197230988081
		0.1620806848482549
		-0.1735936420359328
		3447.897601589567
		-1.619383188231665
		1.759216763716463
		0.7778022923010392
		0.2603154391732734
		-0.4030371496765629
		20.43183823624314
		-0.8467085086182911
		1.87883137514861
		0.3056436615540688
		0.1826358171057115
		-0.2327888556330818
		-30.83149545159319
		-0.4686015872687331
		1.551003216368033
		0.4055387574363368
		0.2319602478922353
		-0.2281332243738113
# Fri 09:44:36 01-Dec-2017
begin	tr1007
	task	fitcoords
	axis	2
	units	angstroms
	surface	32
		2.
		6.
		4.
		1.
		1.
		311.0000000000001
		1.
		2725.
		7998.881452798957
		0.5968174912322443
		0.5742030797916078
		0.157197230988081
		0.1620806848482549
		-0.1735936420359328
		3447.897601589567
		-1.619383188231665
		1.759216763716463
		0.7778022923010392
		0.2603154391732734
		-0.4030371496765629
		20.43183823624314
		-0.8467085086182911
		1.87883137514861
		0.3056436615540688
		0.1826358171057115
		-0.2327888556330818
		-30.83149545159319
		-0.4686015872687331
		1.551003216368033
		0.4055387574363368
		0.2319602478922353
		-0.2281332243738113
# Fri 09:45:49 01-Dec-2017
begin	tr1007
	task	fitcoords
	axis	2
	units	angstroms
	surface	32
		2.
		6.
		4.
		1.
		1.
		311.0000000000001
		1.
		2725.
		7998.881452798957
		0.5968174912322443
		0.5742030797916078
		0.157197230988081
		0.1620806848482549
		-0.1735936420359328
		3447.897601589567
		-1.619383188231665
		1.759216763716463
		0.7778022923010392
		0.2603154391732734
		-0.4030371496765629
		20.43183823624314
		-0.8467085086182911
		1.87883137514861
		0.3056436615540688
		0.1826358171057115
		-0.2327888556330818
		-30.83149545159319
		-0.4686015872687331
		1.551003216368033
		0.4055387574363368
		0.2319602478922353
		-0.2281332243738113
# Fri 09:46:43 01-Dec-2017
begin	tr1007
	task	fitcoords
	axis	2
	units	angstroms
	surface	32
		2.
		6.
		4.
		1.
		1.
		311.0000000000001
		1.
		2725.
		7998.881452798957
		0.5968174912322443
		0.5742030797916078
		0.157197230988081
		0.1620806848482549
		-0.1735936420359328
		3447.897601589567
		-1.619383188231665
		1.759216763716463
		0.7778022923010392
		0.2603154391732734
		-0.4030371496765629
		20.43183823624314
		-0.8467085086182911
		1.87883137514861
		0.3056436615540688
		0.1826358171057115
		-0.2327888556330818
		-30.83149545159319
		-0.4686015872687331
		1.551003216368033
		0.4055387574363368
		0.2319602478922353
		-0.2281332243738113
# Fri 09:47:16 01-Dec-2017
begin	tr1007
	task	fitcoords
	axis	2
	units	angstroms
	surface	32
		2.
		6.
		4.
		1.
		1.
		311.0000000000001
		1.
		2725.
		7998.881452798957
		0.5968174912322443
		0.5742030797916078
		0.157197230988081
		0.1620806848482549
		-0.1735936420359328
		3447.897601589567
		-1.619383188231665
		1.759216763716463
		0.7778022923010392
		0.2603154391732734
		-0.4030371496765629
		20.43183823624314
		-0.8467085086182911
		1.87883137514861
		0.3056436615540688
		0.1826358171057115
		-0.2327888556330818
		-30.83149545159319
		-0.4686015872687331
		1.551003216368033
		0.4055387574363368
		0.2319602478922353
		-0.2281332243738113
# Fri 09:48:02 01-Dec-2017
begin	tr1007
	task	fitcoords
	axis	2
	units	angstroms
	surface	32
		2.
		6.
		4.
		1.
		1.
		311.0000000000001
		1.
		2725.
		7998.881452798957
		0.5968174912322443
		0.5742030797916078
		0.157197230988081
		0.1620806848482549
		-0.1735936420359328
		3447.897601589567
		-1.619383188231665
		1.759216763716463
		0.7778022923010392
		0.2603154391732734
		-0.4030371496765629
		20.43183823624314
		-0.8467085086182911
		1.87883137514861
		0.3056436615540688
		0.1826358171057115
		-0.2327888556330818
		-30.83149545159319
		-0.4686015872687331
		1.551003216368033
		0.4055387574363368
		0.2319602478922353
		-0.2281332243738113
# Fri 09:48:35 01-Dec-2017
begin	tr1007
	task	fitcoords
	axis	2
	units	angstroms
	surface	32
		2.
		6.
		4.
		1.
		1.
		311.0000000000001
		1.
		2725.
		7998.881452798957
		0.5968174912322443
		0.5742030797916078
		0.157197230988081
		0.1620806848482549
		-0.1735936420359328
		3447.897601589567
		-1.619383188231665
		1.759216763716463
		0.7778022923010392
		0.2603154391732734
		-0.4030371496765629
		20.43183823624314
		-0.8467085086182911
		1.87883137514861
		0.3056436615540688
		0.1826358171057115
		-0.2327888556330818
		-30.83149545159319
		-0.4686015872687331
		1.551003216368033
		0.4055387574363368
		0.2319602478922353
		-0.2281332243738113
# Fri 09:50:20 01-Dec-2017
begin	tr1007
	task	fitcoords
	axis	2
	units	angstroms
	surface	32
		2.
		6.
		4.
		1.
		1.
		311.0000000000001
		1.
		2725.
		7998.881452798957
		0.5968174912322443
		0.5742030797916078
		0.157197230988081
		0.1620806848482549
		-0.1735936420359328
		3447.897601589567
		-1.619383188231665
		1.759216763716463
		0.7778022923010392
		0.2603154391732734
		-0.4030371496765629
		20.43183823624314
		-0.8467085086182911
		1.87883137514861
		0.3056436615540688
		0.1826358171057115
		-0.2327888556330818
		-30.83149545159319
		-0.4686015872687331
		1.551003216368033
		0.4055387574363368
		0.2319602478922353
		-0.2281332243738113
# Fri 10:09:11 01-Dec-2017
begin	tr1007
	task	fitcoords
	axis	2
	units	angstroms
	surface	32
		2.
		6.
		4.
		1.
		1.
		311.0000000000001
		1.
		2725.
		7998.881452798957
		0.5968174912322443
		0.5742030797916078
		0.157197230988081
		0.1620806848482549
		-0.1735936420359328
		3447.897601589567
		-1.619383188231665
		1.759216763716463
		0.7778022923010392
		0.2603154391732734
		-0.4030371496765629
		20.43183823624314
		-0.8467085086182911
		1.87883137514861
		0.3056436615540688
		0.1826358171057115
		-0.2327888556330818
		-30.83149545159319
		-0.4686015872687331
		1.551003216368033
		0.4055387574363368
		0.2319602478922353
		-0.2281332243738113
# Fri 10:10:02 01-Dec-2017
begin	tr1007
	task	fitcoords
	axis	2
	units	angstroms
	surface	32
		2.
		6.
		4.
		1.
		1.
		311.0000000000001
		1.
		2725.
		7998.881452798957
		0.5968174912322443
		0.5742030797916078
		0.157197230988081
		0.1620806848482549
		-0.1735936420359328
		3447.897601589567
		-1.619383188231665
		1.759216763716463
		0.7778022923010392
		0.2603154391732734
		-0.4030371496765629
		20.43183823624314
		-0.8467085086182911
		1.87883137514861
		0.3056436615540688
		0.1826358171057115
		-0.2327888556330818
		-30.83149545159319
		-0.4686015872687331
		1.551003216368033
		0.4055387574363368
		0.2319602478922353
		-0.2281332243738113
# Fri 10:10:36 01-Dec-2017
begin	tr1007
	task	fitcoords
	axis	2
	units	angstroms
	surface	32
		2.
		6.
		4.
		1.
		1.
		311.0000000000001
		1.
		2725.
		7998.881452798957
		0.5968174912322443
		0.5742030797916078
		0.157197230988081
		0.1620806848482549
		-0.1735936420359328
		3447.897601589567
		-1.619383188231665
		1.759216763716463
		0.7778022923010392
		0.2603154391732734
		-0.4030371496765629
		20.43183823624314
		-0.8467085086182911
		1.87883137514861
		0.3056436615540688
		0.1826358171057115
		-0.2327888556330818
		-30.83149545159319
		-0.4686015872687331
		1.551003216368033
		0.4055387574363368
		0.2319602478922353
		-0.2281332243738113
# Fri 10:11:57 01-Dec-2017
begin	tr1007
	task	fitcoords
	axis	2
	units	angstroms
	surface	32
		2.
		6.
		4.
		1.
		1.
		311.0000000000001
		1.
		2725.
		7998.881452798957
		0.5968174912322443
		0.5742030797916078
		0.157197230988081
		0.1620806848482549
		-0.1735936420359328
		3447.897601589567
		-1.619383188231665
		1.759216763716463
		0.7778022923010392
		0.2603154391732734
		-0.4030371496765629
		20.43183823624314
		-0.8467085086182911
		1.87883137514861
		0.3056436615540688
		0.1826358171057115
		-0.2327888556330818
		-30.83149545159319
		-0.4686015872687331
		1.551003216368033
		0.4055387574363368
		0.2319602478922353
		-0.2281332243738113
# Fri 10:14:58 01-Dec-2017
begin	tr1007
	task	fitcoords
	axis	2
	units	angstroms
	surface	32
		2.
		6.
		4.
		1.
		1.
		311.0000000000001
		1.
		2725.
		7998.881452798957
		0.5968174912322443
		0.5742030797916078
		0.157197230988081
		0.1620806848482549
		-0.1735936420359328
		3447.897601589567
		-1.619383188231665
		1.759216763716463
		0.7778022923010392
		0.2603154391732734
		-0.4030371496765629
		20.43183823624314
		-0.8467085086182911
		1.87883137514861
		0.3056436615540688
		0.1826358171057115
		-0.2327888556330818
		-30.83149545159319
		-0.4686015872687331
		1.551003216368033
		0.4055387574363368
		0.2319602478922353
		-0.2281332243738113
# Fri 10:19:24 01-Dec-2017
begin	tr1007
	task	fitcoords
	axis	2
	units	angstroms
	surface	32
		2.
		6.
		4.
		1.
		1.
		311.0000000000001
		1.
		2725.
		7998.881452798957
		0.5968174912322443
		0.5742030797916078
		0.157197230988081
		0.1620806848482549
		-0.1735936420359328
		3447.897601589567
		-1.619383188231665
		1.759216763716463
		0.7778022923010392
		0.2603154391732734
		-0.4030371496765629
		20.43183823624314
		-0.8467085086182911
		1.87883137514861
		0.3056436615540688
		0.1826358171057115
		-0.2327888556330818
		-30.83149545159319
		-0.4686015872687331
		1.551003216368033
		0.4055387574363368
		0.2319602478922353
		-0.2281332243738113
# Fri 10:43:49 01-Dec-2017
begin	tr1007
	task	fitcoords
	axis	2
	units	angstroms
	surface	32
		2.
		6.
		4.
		1.
		1.
		311.0000000000001
		1.
		2725.
		7998.881452798957
		0.5968174912322443
		0.5742030797916078
		0.157197230988081
		0.1620806848482549
		-0.1735936420359328
		3447.897601589567
		-1.619383188231665
		1.759216763716463
		0.7778022923010392
		0.2603154391732734
		-0.4030371496765629
		20.43183823624314
		-0.8467085086182911
		1.87883137514861
		0.3056436615540688
		0.1826358171057115
		-0.2327888556330818
		-30.83149545159319
		-0.4686015872687331
		1.551003216368033
		0.4055387574363368
		0.2319602478922353
		-0.2281332243738113
# Fri 10:47:00 01-Dec-2017
begin	tr1007
	task	fitcoords
	axis	2
	units	angstroms
	surface	32
		2.
		6.
		4.
		1.
		1.
		311.0000000000001
		1.
		2725.
		7998.881452798957
		0.5968174912322443
		0.5742030797916078
		0.157197230988081
		0.1620806848482549
		-0.1735936420359328
		3447.897601589567
		-1.619383188231665
		1.759216763716463
		0.7778022923010392
		0.2603154391732734
		-0.4030371496765629
		20.43183823624314
		-0.8467085086182911
		1.87883137514861
		0.3056436615540688
		0.1826358171057115
		-0.2327888556330818
		-30.83149545159319
		-0.4686015872687331
		1.551003216368033
		0.4055387574363368
		0.2319602478922353
		-0.2281332243738113
# Fri 10:47:19 01-Dec-2017
begin	tr1007
	task	fitcoords
	axis	2
	units	angstroms
	surface	32
		2.
		6.
		4.
		1.
		1.
		311.0000000000001
		1.
		2725.
		7998.881452798957
		0.5968174912322443
		0.5742030797916078
		0.157197230988081
		0.1620806848482549
		-0.1735936420359328
		3447.897601589567
		-1.619383188231665
		1.759216763716463
		0.7778022923010392
		0.2603154391732734
		-0.4030371496765629
		20.43183823624314
		-0.8467085086182911
		1.87883137514861
		0.3056436615540688
		0.1826358171057115
		-0.2327888556330818
		-30.83149545159319
		-0.4686015872687331
		1.551003216368033
		0.4055387574363368
		0.2319602478922353
		-0.2281332243738113
# Fri 10:48:04 01-Dec-2017
begin	tr1007
	task	fitcoords
	axis	2
	units	angstroms
	surface	32
		2.
		6.
		4.
		1.
		1.
		311.0000000000001
		1.
		2725.
		7998.881452798957
		0.5968174912322443
		0.5742030797916078
		0.157197230988081
		0.1620806848482549
		-0.1735936420359328
		3447.897601589567
		-1.619383188231665
		1.759216763716463
		0.7778022923010392
		0.2603154391732734
		-0.4030371496765629
		20.43183823624314
		-0.8467085086182911
		1.87883137514861
		0.3056436615540688
		0.1826358171057115
		-0.2327888556330818
		-30.83149545159319
		-0.4686015872687331
		1.551003216368033
		0.4055387574363368
		0.2319602478922353
		-0.2281332243738113
# Fri 10:50:31 01-Dec-2017
begin	tr1007
	task	fitcoords
	axis	2
	units	angstroms
	surface	32
		2.
		6.
		4.
		1.
		1.
		311.0000000000001
		1.
		2725.
		7998.881452798957
		0.5968174912322443
		0.5742030797916078
		0.157197230988081
		0.1620806848482549
		-0.1735936420359328
		3447.897601589567
		-1.619383188231665
		1.759216763716463
		0.7778022923010392
		0.2603154391732734
		-0.4030371496765629
		20.43183823624314
		-0.8467085086182911
		1.87883137514861
		0.3056436615540688
		0.1826358171057115
		-0.2327888556330818
		-30.83149545159319
		-0.4686015872687331
		1.551003216368033
		0.4055387574363368
		0.2319602478922353
		-0.2281332243738113
# Fri 10:50:49 01-Dec-2017
begin	tr1007
	task	fitcoords
	axis	2
	units	angstroms
	surface	32
		2.
		6.
		4.
		1.
		1.
		311.0000000000001
		1.
		2725.
		7998.881452798957
		0.5968174912322443
		0.5742030797916078
		0.157197230988081
		0.1620806848482549
		-0.1735936420359328
		3447.897601589567
		-1.619383188231665
		1.759216763716463
		0.7778022923010392
		0.2603154391732734
		-0.4030371496765629
		20.43183823624314
		-0.8467085086182911
		1.87883137514861
		0.3056436615540688
		0.1826358171057115
		-0.2327888556330818
		-30.83149545159319
		-0.4686015872687331
		1.551003216368033
		0.4055387574363368
		0.2319602478922353
		-0.2281332243738113
# Fri 10:53:40 01-Dec-2017
begin	tr1007
	task	fitcoords
	axis	2
	units	angstroms
	surface	32
		2.
		6.
		4.
		1.
		1.
		311.0000000000001
		1.
		2725.
		7998.881452798957
		0.5968174912322443
		0.5742030797916078
		0.157197230988081
		0.1620806848482549
		-0.1735936420359328
		3447.897601589567
		-1.619383188231665
		1.759216763716463
		0.7778022923010392
		0.2603154391732734
		-0.4030371496765629
		20.43183823624314
		-0.8467085086182911
		1.87883137514861
		0.3056436615540688
		0.1826358171057115
		-0.2327888556330818
		-30.83149545159319
		-0.4686015872687331
		1.551003216368033
		0.4055387574363368
		0.2319602478922353
		-0.2281332243738113
# Fri 14:01:31 01-Dec-2017
begin	tr1007
	task	fitcoords
	axis	2
	units	angstroms
	surface	32
		2.
		6.
		4.
		1.
		1.
		311.0000000000001
		1.
		2725.
		7998.881452798957
		0.5968174912322443
		0.5742030797916078
		0.157197230988081
		0.1620806848482549
		-0.1735936420359328
		3447.897601589567
		-1.619383188231665
		1.759216763716463
		0.7778022923010392
		0.2603154391732734
		-0.4030371496765629
		20.43183823624314
		-0.8467085086182911
		1.87883137514861
		0.3056436615540688
		0.1826358171057115
		-0.2327888556330818
		-30.83149545159319
		-0.4686015872687331
		1.551003216368033
		0.4055387574363368
		0.2319602478922353
		-0.2281332243738113
# Fri 14:03:04 01-Dec-2017
begin	tr1007
	task	fitcoords
	axis	2
	units	angstroms
	surface	32
		2.
		6.
		4.
		1.
		1.
		311.0000000000001
		1.
		2725.
		7998.881452798957
		0.5968174912322443
		0.5742030797916078
		0.157197230988081
		0.1620806848482549
		-0.1735936420359328
		3447.897601589567
		-1.619383188231665
		1.759216763716463
		0.7778022923010392
		0.2603154391732734
		-0.4030371496765629
		20.43183823624314
		-0.8467085086182911
		1.87883137514861
		0.3056436615540688
		0.1826358171057115
		-0.2327888556330818
		-30.83149545159319
		-0.4686015872687331
		1.551003216368033
		0.4055387574363368
		0.2319602478922353
		-0.2281332243738113
# Fri 14:07:47 01-Dec-2017
begin	tr1007
	task	fitcoords
	axis	2
	units	angstroms
	surface	32
		2.
		6.
		4.
		1.
		1.
		311.0000000000001
		1.
		2725.
		7998.881452798957
		0.5968174912322443
		0.5742030797916078
		0.157197230988081
		0.1620806848482549
		-0.1735936420359328
		3447.897601589567
		-1.619383188231665
		1.759216763716463
		0.7778022923010392
		0.2603154391732734
		-0.4030371496765629
		20.43183823624314
		-0.8467085086182911
		1.87883137514861
		0.3056436615540688
		0.1826358171057115
		-0.2327888556330818
		-30.83149545159319
		-0.4686015872687331
		1.551003216368033
		0.4055387574363368
		0.2319602478922353
		-0.2281332243738113
# Fri 14:12:01 01-Dec-2017
begin	tr1007
	task	fitcoords
	axis	2
	units	angstroms
	surface	32
		2.
		6.
		4.
		1.
		1.
		311.0000000000001
		1.
		2725.
		7998.881452798957
		0.5968174912322443
		0.5742030797916078
		0.157197230988081
		0.1620806848482549
		-0.1735936420359328
		3447.897601589567
		-1.619383188231665
		1.759216763716463
		0.7778022923010392
		0.2603154391732734
		-0.4030371496765629
		20.43183823624314
		-0.8467085086182911
		1.87883137514861
		0.3056436615540688
		0.1826358171057115
		-0.2327888556330818
		-30.83149545159319
		-0.4686015872687331
		1.551003216368033
		0.4055387574363368
		0.2319602478922353
		-0.2281332243738113
# Fri 14:20:35 01-Dec-2017
begin	tr1007
	task	fitcoords
	axis	2
	units	angstroms
	surface	32
		2.
		6.
		4.
		1.
		1.
		311.0000000000001
		1.
		2725.
		7998.881452798957
		0.5968174912322443
		0.5742030797916078
		0.157197230988081
		0.1620806848482549
		-0.1735936420359328
		3447.897601589567
		-1.619383188231665
		1.759216763716463
		0.7778022923010392
		0.2603154391732734
		-0.4030371496765629
		20.43183823624314
		-0.8467085086182911
		1.87883137514861
		0.3056436615540688
		0.1826358171057115
		-0.2327888556330818
		-30.83149545159319
		-0.4686015872687331
		1.551003216368033
		0.4055387574363368
		0.2319602478922353
		-0.2281332243738113
# Fri 14:28:52 01-Dec-2017
begin	tr1007
	task	fitcoords
	axis	2
	units	angstroms
	surface	32
		2.
		6.
		4.
		1.
		1.
		311.0000000000001
		1.
		2725.
		7998.881452798957
		0.5968174912322443
		0.5742030797916078
		0.157197230988081
		0.1620806848482549
		-0.1735936420359328
		3447.897601589567
		-1.619383188231665
		1.759216763716463
		0.7778022923010392
		0.2603154391732734
		-0.4030371496765629
		20.43183823624314
		-0.8467085086182911
		1.87883137514861
		0.3056436615540688
		0.1826358171057115
		-0.2327888556330818
		-30.83149545159319
		-0.4686015872687331
		1.551003216368033
		0.4055387574363368
		0.2319602478922353
		-0.2281332243738113
# Fri 14:30:09 01-Dec-2017
begin	tr1007
	task	fitcoords
	axis	2
	units	angstroms
	surface	32
		2.
		6.
		4.
		1.
		1.
		311.0000000000001
		1.
		2725.
		7998.881452798957
		0.5968174912322443
		0.5742030797916078
		0.157197230988081
		0.1620806848482549
		-0.1735936420359328
		3447.897601589567
		-1.619383188231665
		1.759216763716463
		0.7778022923010392
		0.2603154391732734
		-0.4030371496765629
		20.43183823624314
		-0.8467085086182911
		1.87883137514861
		0.3056436615540688
		0.1826358171057115
		-0.2327888556330818
		-30.83149545159319
		-0.4686015872687331
		1.551003216368033
		0.4055387574363368
		0.2319602478922353
		-0.2281332243738113
# Fri 14:33:05 01-Dec-2017
begin	tr1007
	task	fitcoords
	axis	2
	units	angstroms
	surface	32
		2.
		6.
		4.
		1.
		1.
		311.0000000000001
		1.
		2725.
		7998.881452798957
		0.5968174912322443
		0.5742030797916078
		0.157197230988081
		0.1620806848482549
		-0.1735936420359328
		3447.897601589567
		-1.619383188231665
		1.759216763716463
		0.7778022923010392
		0.2603154391732734
		-0.4030371496765629
		20.43183823624314
		-0.8467085086182911
		1.87883137514861
		0.3056436615540688
		0.1826358171057115
		-0.2327888556330818
		-30.83149545159319
		-0.4686015872687331
		1.551003216368033
		0.4055387574363368
		0.2319602478922353
		-0.2281332243738113
# Fri 14:46:05 01-Dec-2017
begin	tr1007
	task	fitcoords
	axis	2
	units	angstroms
	surface	32
		2.
		6.
		4.
		1.
		1.
		311.0000000000001
		1.
		2725.
		7998.881452798957
		0.5968174912322443
		0.5742030797916078
		0.157197230988081
		0.1620806848482549
		-0.1735936420359328
		3447.897601589567
		-1.619383188231665
		1.759216763716463
		0.7778022923010392
		0.2603154391732734
		-0.4030371496765629
		20.43183823624314
		-0.8467085086182911
		1.87883137514861
		0.3056436615540688
		0.1826358171057115
		-0.2327888556330818
		-30.83149545159319
		-0.4686015872687331
		1.551003216368033
		0.4055387574363368
		0.2319602478922353
		-0.2281332243738113
# Fri 14:49:52 01-Dec-2017
begin	tr1007
	task	fitcoords
	axis	2
	units	angstroms
	surface	32
		2.
		6.
		4.
		1.
		1.
		311.0000000000001
		1.
		2725.
		7998.881452798957
		0.5968174912322443
		0.5742030797916078
		0.157197230988081
		0.1620806848482549
		-0.1735936420359328
		3447.897601589567
		-1.619383188231665
		1.759216763716463
		0.7778022923010392
		0.2603154391732734
		-0.4030371496765629
		20.43183823624314
		-0.8467085086182911
		1.87883137514861
		0.3056436615540688
		0.1826358171057115
		-0.2327888556330818
		-30.83149545159319
		-0.4686015872687331
		1.551003216368033
		0.4055387574363368
		0.2319602478922353
		-0.2281332243738113
# Fri 14:55:13 01-Dec-2017
begin	tr1007
	task	fitcoords
	axis	2
	units	angstroms
	surface	32
		2.
		6.
		4.
		1.
		1.
		311.0000000000001
		1.
		2725.
		7998.881452798957
		0.5968174912322443
		0.5742030797916078
		0.157197230988081
		0.1620806848482549
		-0.1735936420359328
		3447.897601589567
		-1.619383188231665
		1.759216763716463
		0.7778022923010392
		0.2603154391732734
		-0.4030371496765629
		20.43183823624314
		-0.8467085086182911
		1.87883137514861
		0.3056436615540688
		0.1826358171057115
		-0.2327888556330818
		-30.83149545159319
		-0.4686015872687331
		1.551003216368033
		0.4055387574363368
		0.2319602478922353
		-0.2281332243738113
# Fri 16:43:10 01-Dec-2017
begin	tr1007
	task	fitcoords
	axis	2
	units	angstroms
	surface	32
		2.
		6.
		4.
		1.
		1.
		311.0000000000001
		1.
		2725.
		7998.881452798957
		0.5968174912322443
		0.5742030797916078
		0.157197230988081
		0.1620806848482549
		-0.1735936420359328
		3447.897601589567
		-1.619383188231665
		1.759216763716463
		0.7778022923010392
		0.2603154391732734
		-0.4030371496765629
		20.43183823624314
		-0.8467085086182911
		1.87883137514861
		0.3056436615540688
		0.1826358171057115
		-0.2327888556330818
		-30.83149545159319
		-0.4686015872687331
		1.551003216368033
		0.4055387574363368
		0.2319602478922353
		-0.2281332243738113
# Fri 16:46:24 01-Dec-2017
begin	tr1007
	task	fitcoords
	axis	2
	units	angstroms
	surface	32
		2.
		6.
		4.
		1.
		1.
		311.0000000000001
		1.
		2725.
		7998.881452798957
		0.5968174912322443
		0.5742030797916078
		0.157197230988081
		0.1620806848482549
		-0.1735936420359328
		3447.897601589567
		-1.619383188231665
		1.759216763716463
		0.7778022923010392
		0.2603154391732734
		-0.4030371496765629
		20.43183823624314
		-0.8467085086182911
		1.87883137514861
		0.3056436615540688
		0.1826358171057115
		-0.2327888556330818
		-30.83149545159319
		-0.4686015872687331
		1.551003216368033
		0.4055387574363368
		0.2319602478922353
		-0.2281332243738113
# Fri 16:48:54 01-Dec-2017
begin	tr1007
	task	fitcoords
	axis	2
	units	angstroms
	surface	32
		2.
		6.
		4.
		1.
		1.
		311.0000000000001
		1.
		2725.
		7998.881452798957
		0.5968174912322443
		0.5742030797916078
		0.157197230988081
		0.1620806848482549
		-0.1735936420359328
		3447.897601589567
		-1.619383188231665
		1.759216763716463
		0.7778022923010392
		0.2603154391732734
		-0.4030371496765629
		20.43183823624314
		-0.8467085086182911
		1.87883137514861
		0.3056436615540688
		0.1826358171057115
		-0.2327888556330818
		-30.83149545159319
		-0.4686015872687331
		1.551003216368033
		0.4055387574363368
		0.2319602478922353
		-0.2281332243738113
# Fri 17:02:38 01-Dec-2017
begin	tr1007
	task	fitcoords
	axis	2
	units	angstroms
	surface	32
		2.
		6.
		4.
		1.
		1.
		311.0000000000001
		1.
		2725.
		7998.881452798957
		0.5968174912322443
		0.5742030797916078
		0.157197230988081
		0.1620806848482549
		-0.1735936420359328
		3447.897601589567
		-1.619383188231665
		1.759216763716463
		0.7778022923010392
		0.2603154391732734
		-0.4030371496765629
		20.43183823624314
		-0.8467085086182911
		1.87883137514861
		0.3056436615540688
		0.1826358171057115
		-0.2327888556330818
		-30.83149545159319
		-0.4686015872687331
		1.551003216368033
		0.4055387574363368
		0.2319602478922353
		-0.2281332243738113
# Fri 17:04:48 01-Dec-2017
begin	tr1007
	task	fitcoords
	axis	2
	units	angstroms
	surface	32
		2.
		6.
		4.
		1.
		1.
		311.0000000000001
		1.
		2725.
		7998.881452798957
		0.5968174912322443
		0.5742030797916078
		0.157197230988081
		0.1620806848482549
		-0.1735936420359328
		3447.897601589567
		-1.619383188231665
		1.759216763716463
		0.7778022923010392
		0.2603154391732734
		-0.4030371496765629
		20.43183823624314
		-0.8467085086182911
		1.87883137514861
		0.3056436615540688
		0.1826358171057115
		-0.2327888556330818
		-30.83149545159319
		-0.4686015872687331
		1.551003216368033
		0.4055387574363368
		0.2319602478922353
		-0.2281332243738113
# Fri 17:06:43 01-Dec-2017
begin	tr1007
	task	fitcoords
	axis	2
	units	angstroms
	surface	32
		2.
		6.
		4.
		1.
		1.
		311.0000000000001
		1.
		2725.
		7998.881452798957
		0.5968174912322443
		0.5742030797916078
		0.157197230988081
		0.1620806848482549
		-0.1735936420359328
		3447.897601589567
		-1.619383188231665
		1.759216763716463
		0.7778022923010392
		0.2603154391732734
		-0.4030371496765629
		20.43183823624314
		-0.8467085086182911
		1.87883137514861
		0.3056436615540688
		0.1826358171057115
		-0.2327888556330818
		-30.83149545159319
		-0.4686015872687331
		1.551003216368033
		0.4055387574363368
		0.2319602478922353
		-0.2281332243738113
# Mon 10:41:23 11-Dec-2017
begin	tr1007
	task	fitcoords
	axis	2
	units	angstroms
	surface	32
		2.
		6.
		4.
		1.
		1.
		311.0000000000001
		1.
		2725.
		7998.881452798957
		0.5968174912322443
		0.5742030797916078
		0.157197230988081
		0.1620806848482549
		-0.1735936420359328
		3447.897601589567
		-1.619383188231665
		1.759216763716463
		0.7778022923010392
		0.2603154391732734
		-0.4030371496765629
		20.43183823624314
		-0.8467085086182911
		1.87883137514861
		0.3056436615540688
		0.1826358171057115
		-0.2327888556330818
		-30.83149545159319
		-0.4686015872687331
		1.551003216368033
		0.4055387574363368
		0.2319602478922353
		-0.2281332243738113
# Mon 11:23:59 11-Dec-2017
begin	tr1007
	task	fitcoords
	axis	2
	units	angstroms
	surface	32
		2.
		6.
		4.
		1.
		1.
		311.0000000000001
		1.
		2725.
		7998.881452798957
		0.5968174912322443
		0.5742030797916078
		0.157197230988081
		0.1620806848482549
		-0.1735936420359328
		3447.897601589567
		-1.619383188231665
		1.759216763716463
		0.7778022923010392
		0.2603154391732734
		-0.4030371496765629
		20.43183823624314
		-0.8467085086182911
		1.87883137514861
		0.3056436615540688
		0.1826358171057115
		-0.2327888556330818
		-30.83149545159319
		-0.4686015872687331
		1.551003216368033
		0.4055387574363368
		0.2319602478922353
		-0.2281332243738113
# Mon 12:57:48 11-Dec-2017
begin	tr1007
	task	fitcoords
	axis	2
	units	angstroms
	surface	32
		2.
		6.
		4.
		1.
		1.
		311.0000000000001
		1.
		2725.
		7998.881452798957
		0.5968174912322443
		0.5742030797916078
		0.157197230988081
		0.1620806848482549
		-0.1735936420359328
		3447.897601589567
		-1.619383188231665
		1.759216763716463
		0.7778022923010392
		0.2603154391732734
		-0.4030371496765629
		20.43183823624314
		-0.8467085086182911
		1.87883137514861
		0.3056436615540688
		0.1826358171057115
		-0.2327888556330818
		-30.83149545159319
		-0.4686015872687331
		1.551003216368033
		0.4055387574363368
		0.2319602478922353
		-0.2281332243738113
# Mon 13:23:51 11-Dec-2017
begin	tr1007
	task	fitcoords
	axis	2
	units	angstroms
	surface	32
		2.
		6.
		4.
		1.
		1.
		311.0000000000001
		1.
		2725.
		7998.881452798957
		0.5968174912322443
		0.5742030797916078
		0.157197230988081
		0.1620806848482549
		-0.1735936420359328
		3447.897601589567
		-1.619383188231665
		1.759216763716463
		0.7778022923010392
		0.2603154391732734
		-0.4030371496765629
		20.43183823624314
		-0.8467085086182911
		1.87883137514861
		0.3056436615540688
		0.1826358171057115
		-0.2327888556330818
		-30.83149545159319
		-0.4686015872687331
		1.551003216368033
		0.4055387574363368
		0.2319602478922353
		-0.2281332243738113
# Mon 13:29:53 11-Dec-2017
begin	tr1007
	task	fitcoords
	axis	2
	units	angstroms
	surface	32
		2.
		6.
		4.
		1.
		1.
		311.0000000000001
		1.
		2725.
		7998.881452798957
		0.5968174912322443
		0.5742030797916078
		0.157197230988081
		0.1620806848482549
		-0.1735936420359328
		3447.897601589567
		-1.619383188231665
		1.759216763716463
		0.7778022923010392
		0.2603154391732734
		-0.4030371496765629
		20.43183823624314
		-0.8467085086182911
		1.87883137514861
		0.3056436615540688
		0.1826358171057115
		-0.2327888556330818
		-30.83149545159319
		-0.4686015872687331
		1.551003216368033
		0.4055387574363368
		0.2319602478922353
		-0.2281332243738113
# Mon 13:48:20 11-Dec-2017
begin	tr1007
	task	fitcoords
	axis	2
	units	angstroms
	surface	32
		2.
		6.
		4.
		1.
		1.
		311.0000000000001
		1.
		2725.
		7998.881452798957
		0.5968174912322443
		0.5742030797916078
		0.157197230988081
		0.1620806848482549
		-0.1735936420359328
		3447.897601589567
		-1.619383188231665
		1.759216763716463
		0.7778022923010392
		0.2603154391732734
		-0.4030371496765629
		20.43183823624314
		-0.8467085086182911
		1.87883137514861
		0.3056436615540688
		0.1826358171057115
		-0.2327888556330818
		-30.83149545159319
		-0.4686015872687331
		1.551003216368033
		0.4055387574363368
		0.2319602478922353
		-0.2281332243738113
# Mon 14:15:41 11-Dec-2017
begin	tr1007
	task	fitcoords
	axis	2
	units	angstroms
	surface	32
		2.
		6.
		4.
		1.
		1.
		311.0000000000001
		1.
		2725.
		7998.881452798957
		0.5968174912322443
		0.5742030797916078
		0.157197230988081
		0.1620806848482549
		-0.1735936420359328
		3447.897601589567
		-1.619383188231665
		1.759216763716463
		0.7778022923010392
		0.2603154391732734
		-0.4030371496765629
		20.43183823624314
		-0.8467085086182911
		1.87883137514861
		0.3056436615540688
		0.1826358171057115
		-0.2327888556330818
		-30.83149545159319
		-0.4686015872687331
		1.551003216368033
		0.4055387574363368
		0.2319602478922353
		-0.2281332243738113
# Mon 14:19:41 11-Dec-2017
begin	tr1007
	task	fitcoords
	axis	2
	units	angstroms
	surface	32
		2.
		6.
		4.
		1.
		1.
		311.0000000000001
		1.
		2725.
		7998.881452798957
		0.5968174912322443
		0.5742030797916078
		0.157197230988081
		0.1620806848482549
		-0.1735936420359328
		3447.897601589567
		-1.619383188231665
		1.759216763716463
		0.7778022923010392
		0.2603154391732734
		-0.4030371496765629
		20.43183823624314
		-0.8467085086182911
		1.87883137514861
		0.3056436615540688
		0.1826358171057115
		-0.2327888556330818
		-30.83149545159319
		-0.4686015872687331
		1.551003216368033
		0.4055387574363368
		0.2319602478922353
		-0.2281332243738113
# Mon 14:24:00 11-Dec-2017
begin	tr1007
	task	fitcoords
	axis	2
	units	angstroms
	surface	32
		2.
		6.
		4.
		1.
		1.
		311.0000000000001
		1.
		2725.
		7998.881452798957
		0.5968174912322443
		0.5742030797916078
		0.157197230988081
		0.1620806848482549
		-0.1735936420359328
		3447.897601589567
		-1.619383188231665
		1.759216763716463
		0.7778022923010392
		0.2603154391732734
		-0.4030371496765629
		20.43183823624314
		-0.8467085086182911
		1.87883137514861
		0.3056436615540688
		0.1826358171057115
		-0.2327888556330818
		-30.83149545159319
		-0.4686015872687331
		1.551003216368033
		0.4055387574363368
		0.2319602478922353
		-0.2281332243738113
# Tue 10:37:59 12-Dec-2017
begin	tr1007
	task	fitcoords
	axis	2
	units	angstroms
	surface	32
		2.
		6.
		4.
		1.
		1.
		311.0000000000001
		1.
		2725.
		7998.881452798957
		0.5968174912322443
		0.5742030797916078
		0.157197230988081
		0.1620806848482549
		-0.1735936420359328
		3447.897601589567
		-1.619383188231665
		1.759216763716463
		0.7778022923010392
		0.2603154391732734
		-0.4030371496765629
		20.43183823624314
		-0.8467085086182911
		1.87883137514861
		0.3056436615540688
		0.1826358171057115
		-0.2327888556330818
		-30.83149545159319
		-0.4686015872687331
		1.551003216368033
		0.4055387574363368
		0.2319602478922353
		-0.2281332243738113
# Tue 10:42:52 12-Dec-2017
begin	tr1007
	task	fitcoords
	axis	2
	units	angstroms
	surface	32
		2.
		6.
		4.
		1.
		1.
		311.0000000000001
		1.
		2725.
		7998.881452798957
		0.5968174912322443
		0.5742030797916078
		0.157197230988081
		0.1620806848482549
		-0.1735936420359328
		3447.897601589567
		-1.619383188231665
		1.759216763716463
		0.7778022923010392
		0.2603154391732734
		-0.4030371496765629
		20.43183823624314
		-0.8467085086182911
		1.87883137514861
		0.3056436615540688
		0.1826358171057115
		-0.2327888556330818
		-30.83149545159319
		-0.4686015872687331
		1.551003216368033
		0.4055387574363368
		0.2319602478922353
		-0.2281332243738113
# Tue 10:52:32 12-Dec-2017
begin	tr1007
	task	fitcoords
	axis	2
	units	angstroms
	surface	32
		2.
		6.
		4.
		1.
		1.
		311.0000000000001
		1.
		2725.
		7998.881452798957
		0.5968174912322443
		0.5742030797916078
		0.157197230988081
		0.1620806848482549
		-0.1735936420359328
		3447.897601589567
		-1.619383188231665
		1.759216763716463
		0.7778022923010392
		0.2603154391732734
		-0.4030371496765629
		20.43183823624314
		-0.8467085086182911
		1.87883137514861
		0.3056436615540688
		0.1826358171057115
		-0.2327888556330818
		-30.83149545159319
		-0.4686015872687331
		1.551003216368033
		0.4055387574363368
		0.2319602478922353
		-0.2281332243738113
# Tue 11:02:56 12-Dec-2017
begin	tr1007
	task	fitcoords
	axis	2
	units	angstroms
	surface	32
		2.
		6.
		4.
		1.
		1.
		311.0000000000001
		1.
		2725.
		7998.881452798957
		0.5968174912322443
		0.5742030797916078
		0.157197230988081
		0.1620806848482549
		-0.1735936420359328
		3447.897601589567
		-1.619383188231665
		1.759216763716463
		0.7778022923010392
		0.2603154391732734
		-0.4030371496765629
		20.43183823624314
		-0.8467085086182911
		1.87883137514861
		0.3056436615540688
		0.1826358171057115
		-0.2327888556330818
		-30.83149545159319
		-0.4686015872687331
		1.551003216368033
		0.4055387574363368
		0.2319602478922353
		-0.2281332243738113
# Tue 11:10:18 12-Dec-2017
begin	tr1007
	task	fitcoords
	axis	2
	units	angstroms
	surface	32
		2.
		6.
		4.
		1.
		1.
		311.0000000000001
		1.
		2725.
		7998.881452798957
		0.5968174912322443
		0.5742030797916078
		0.157197230988081
		0.1620806848482549
		-0.1735936420359328
		3447.897601589567
		-1.619383188231665
		1.759216763716463
		0.7778022923010392
		0.2603154391732734
		-0.4030371496765629
		20.43183823624314
		-0.8467085086182911
		1.87883137514861
		0.3056436615540688
		0.1826358171057115
		-0.2327888556330818
		-30.83149545159319
		-0.4686015872687331
		1.551003216368033
		0.4055387574363368
		0.2319602478922353
		-0.2281332243738113
# Tue 11:13:50 12-Dec-2017
begin	tr1007
	task	fitcoords
	axis	2
	units	angstroms
	surface	32
		2.
		6.
		4.
		1.
		1.
		311.0000000000001
		1.
		2725.
		7998.881452798957
		0.5968174912322443
		0.5742030797916078
		0.157197230988081
		0.1620806848482549
		-0.1735936420359328
		3447.897601589567
		-1.619383188231665
		1.759216763716463
		0.7778022923010392
		0.2603154391732734
		-0.4030371496765629
		20.43183823624314
		-0.8467085086182911
		1.87883137514861
		0.3056436615540688
		0.1826358171057115
		-0.2327888556330818
		-30.83149545159319
		-0.4686015872687331
		1.551003216368033
		0.4055387574363368
		0.2319602478922353
		-0.2281332243738113
# Tue 11:14:26 12-Dec-2017
begin	tr1007
	task	fitcoords
	axis	2
	units	angstroms
	surface	32
		2.
		6.
		4.
		1.
		1.
		311.0000000000001
		1.
		2725.
		7998.881452798957
		0.5968174912322443
		0.5742030797916078
		0.157197230988081
		0.1620806848482549
		-0.1735936420359328
		3447.897601589567
		-1.619383188231665
		1.759216763716463
		0.7778022923010392
		0.2603154391732734
		-0.4030371496765629
		20.43183823624314
		-0.8467085086182911
		1.87883137514861
		0.3056436615540688
		0.1826358171057115
		-0.2327888556330818
		-30.83149545159319
		-0.4686015872687331
		1.551003216368033
		0.4055387574363368
		0.2319602478922353
		-0.2281332243738113
# Tue 11:19:39 12-Dec-2017
begin	tr1007
	task	fitcoords
	axis	2
	units	angstroms
	surface	32
		2.
		6.
		4.
		1.
		1.
		311.0000000000001
		1.
		2725.
		7998.881452798957
		0.5968174912322443
		0.5742030797916078
		0.157197230988081
		0.1620806848482549
		-0.1735936420359328
		3447.897601589567
		-1.619383188231665
		1.759216763716463
		0.7778022923010392
		0.2603154391732734
		-0.4030371496765629
		20.43183823624314
		-0.8467085086182911
		1.87883137514861
		0.3056436615540688
		0.1826358171057115
		-0.2327888556330818
		-30.83149545159319
		-0.4686015872687331
		1.551003216368033
		0.4055387574363368
		0.2319602478922353
		-0.2281332243738113
# Tue 11:21:41 12-Dec-2017
begin	tr1007
	task	fitcoords
	axis	2
	units	angstroms
	surface	32
		2.
		6.
		4.
		1.
		1.
		311.0000000000001
		1.
		2725.
		7998.881452798957
		0.5968174912322443
		0.5742030797916078
		0.157197230988081
		0.1620806848482549
		-0.1735936420359328
		3447.897601589567
		-1.619383188231665
		1.759216763716463
		0.7778022923010392
		0.2603154391732734
		-0.4030371496765629
		20.43183823624314
		-0.8467085086182911
		1.87883137514861
		0.3056436615540688
		0.1826358171057115
		-0.2327888556330818
		-30.83149545159319
		-0.4686015872687331
		1.551003216368033
		0.4055387574363368
		0.2319602478922353
		-0.2281332243738113
# Tue 11:22:25 12-Dec-2017
begin	tr1007
	task	fitcoords
	axis	2
	units	angstroms
	surface	32
		2.
		6.
		4.
		1.
		1.
		311.0000000000001
		1.
		2725.
		7998.881452798957
		0.5968174912322443
		0.5742030797916078
		0.157197230988081
		0.1620806848482549
		-0.1735936420359328
		3447.897601589567
		-1.619383188231665
		1.759216763716463
		0.7778022923010392
		0.2603154391732734
		-0.4030371496765629
		20.43183823624314
		-0.8467085086182911
		1.87883137514861
		0.3056436615540688
		0.1826358171057115
		-0.2327888556330818
		-30.83149545159319
		-0.4686015872687331
		1.551003216368033
		0.4055387574363368
		0.2319602478922353
		-0.2281332243738113
# Tue 11:23:54 12-Dec-2017
begin	tr1007
	task	fitcoords
	axis	2
	units	angstroms
	surface	32
		2.
		6.
		4.
		1.
		1.
		311.0000000000001
		1.
		2725.
		7998.881452798957
		0.5968174912322443
		0.5742030797916078
		0.157197230988081
		0.1620806848482549
		-0.1735936420359328
		3447.897601589567
		-1.619383188231665
		1.759216763716463
		0.7778022923010392
		0.2603154391732734
		-0.4030371496765629
		20.43183823624314
		-0.8467085086182911
		1.87883137514861
		0.3056436615540688
		0.1826358171057115
		-0.2327888556330818
		-30.83149545159319
		-0.4686015872687331
		1.551003216368033
		0.4055387574363368
		0.2319602478922353
		-0.2281332243738113
# Tue 12:59:06 12-Dec-2017
begin	tr1007
	task	fitcoords
	axis	2
	units	angstroms
	surface	32
		2.
		6.
		4.
		1.
		1.
		311.0000000000001
		1.
		2725.
		7998.881452798957
		0.5968174912322443
		0.5742030797916078
		0.157197230988081
		0.1620806848482549
		-0.1735936420359328
		3447.897601589567
		-1.619383188231665
		1.759216763716463
		0.7778022923010392
		0.2603154391732734
		-0.4030371496765629
		20.43183823624314
		-0.8467085086182911
		1.87883137514861
		0.3056436615540688
		0.1826358171057115
		-0.2327888556330818
		-30.83149545159319
		-0.4686015872687331
		1.551003216368033
		0.4055387574363368
		0.2319602478922353
		-0.2281332243738113
# Tue 12:59:31 12-Dec-2017
begin	tr1007
	task	fitcoords
	axis	2
	units	angstroms
	surface	32
		2.
		6.
		4.
		1.
		1.
		311.0000000000001
		1.
		2725.
		7998.881452798957
		0.5968174912322443
		0.5742030797916078
		0.157197230988081
		0.1620806848482549
		-0.1735936420359328
		3447.897601589567
		-1.619383188231665
		1.759216763716463
		0.7778022923010392
		0.2603154391732734
		-0.4030371496765629
		20.43183823624314
		-0.8467085086182911
		1.87883137514861
		0.3056436615540688
		0.1826358171057115
		-0.2327888556330818
		-30.83149545159319
		-0.4686015872687331
		1.551003216368033
		0.4055387574363368
		0.2319602478922353
		-0.2281332243738113
# Tue 13:00:23 12-Dec-2017
begin	tr1007
	task	fitcoords
	axis	2
	units	angstroms
	surface	32
		2.
		6.
		4.
		1.
		1.
		311.0000000000001
		1.
		2725.
		7998.881452798957
		0.5968174912322443
		0.5742030797916078
		0.157197230988081
		0.1620806848482549
		-0.1735936420359328
		3447.897601589567
		-1.619383188231665
		1.759216763716463
		0.7778022923010392
		0.2603154391732734
		-0.4030371496765629
		20.43183823624314
		-0.8467085086182911
		1.87883137514861
		0.3056436615540688
		0.1826358171057115
		-0.2327888556330818
		-30.83149545159319
		-0.4686015872687331
		1.551003216368033
		0.4055387574363368
		0.2319602478922353
		-0.2281332243738113
# Tue 13:07:27 12-Dec-2017
begin	tr1007
	task	fitcoords
	axis	2
	units	angstroms
	surface	32
		2.
		6.
		4.
		1.
		1.
		311.0000000000001
		1.
		2725.
		7998.881452798957
		0.5968174912322443
		0.5742030797916078
		0.157197230988081
		0.1620806848482549
		-0.1735936420359328
		3447.897601589567
		-1.619383188231665
		1.759216763716463
		0.7778022923010392
		0.2603154391732734
		-0.4030371496765629
		20.43183823624314
		-0.8467085086182911
		1.87883137514861
		0.3056436615540688
		0.1826358171057115
		-0.2327888556330818
		-30.83149545159319
		-0.4686015872687331
		1.551003216368033
		0.4055387574363368
		0.2319602478922353
		-0.2281332243738113
# Tue 13:35:06 12-Dec-2017
begin	tr1007
	task	fitcoords
	axis	2
	units	angstroms
	surface	32
		2.
		6.
		4.
		1.
		1.
		311.0000000000001
		1.
		2725.
		7998.881452798957
		0.5968174912322443
		0.5742030797916078
		0.157197230988081
		0.1620806848482549
		-0.1735936420359328
		3447.897601589567
		-1.619383188231665
		1.759216763716463
		0.7778022923010392
		0.2603154391732734
		-0.4030371496765629
		20.43183823624314
		-0.8467085086182911
		1.87883137514861
		0.3056436615540688
		0.1826358171057115
		-0.2327888556330818
		-30.83149545159319
		-0.4686015872687331
		1.551003216368033
		0.4055387574363368
		0.2319602478922353
		-0.2281332243738113
# Tue 13:37:16 12-Dec-2017
begin	tr1007
	task	fitcoords
	axis	2
	units	angstroms
	surface	32
		2.
		6.
		4.
		1.
		1.
		311.0000000000001
		1.
		2725.
		7998.881452798957
		0.5968174912322443
		0.5742030797916078
		0.157197230988081
		0.1620806848482549
		-0.1735936420359328
		3447.897601589567
		-1.619383188231665
		1.759216763716463
		0.7778022923010392
		0.2603154391732734
		-0.4030371496765629
		20.43183823624314
		-0.8467085086182911
		1.87883137514861
		0.3056436615540688
		0.1826358171057115
		-0.2327888556330818
		-30.83149545159319
		-0.4686015872687331
		1.551003216368033
		0.4055387574363368
		0.2319602478922353
		-0.2281332243738113
# Tue 14:19:47 12-Dec-2017
begin	tr1007
	task	fitcoords
	axis	2
	units	angstroms
	surface	32
		2.
		6.
		4.
		1.
		1.
		311.0000000000001
		1.
		2725.
		7998.881452798957
		0.5968174912322443
		0.5742030797916078
		0.157197230988081
		0.1620806848482549
		-0.1735936420359328
		3447.897601589567
		-1.619383188231665
		1.759216763716463
		0.7778022923010392
		0.2603154391732734
		-0.4030371496765629
		20.43183823624314
		-0.8467085086182911
		1.87883137514861
		0.3056436615540688
		0.1826358171057115
		-0.2327888556330818
		-30.83149545159319
		-0.4686015872687331
		1.551003216368033
		0.4055387574363368
		0.2319602478922353
		-0.2281332243738113
# Tue 14:30:49 12-Dec-2017
begin	tr1007
	task	fitcoords
	axis	2
	units	angstroms
	surface	32
		2.
		6.
		4.
		1.
		1.
		311.0000000000001
		1.
		2725.
		7998.881452798957
		0.5968174912322443
		0.5742030797916078
		0.157197230988081
		0.1620806848482549
		-0.1735936420359328
		3447.897601589567
		-1.619383188231665
		1.759216763716463
		0.7778022923010392
		0.2603154391732734
		-0.4030371496765629
		20.43183823624314
		-0.8467085086182911
		1.87883137514861
		0.3056436615540688
		0.1826358171057115
		-0.2327888556330818
		-30.83149545159319
		-0.4686015872687331
		1.551003216368033
		0.4055387574363368
		0.2319602478922353
		-0.2281332243738113
# Tue 15:17:27 12-Dec-2017
begin	tr1007
	task	fitcoords
	axis	2
	units	angstroms
	surface	32
		2.
		6.
		4.
		1.
		1.
		311.0000000000001
		1.
		2725.
		7998.881452798957
		0.5968174912322443
		0.5742030797916078
		0.157197230988081
		0.1620806848482549
		-0.1735936420359328
		3447.897601589567
		-1.619383188231665
		1.759216763716463
		0.7778022923010392
		0.2603154391732734
		-0.4030371496765629
		20.43183823624314
		-0.8467085086182911
		1.87883137514861
		0.3056436615540688
		0.1826358171057115
		-0.2327888556330818
		-30.83149545159319
		-0.4686015872687331
		1.551003216368033
		0.4055387574363368
		0.2319602478922353
		-0.2281332243738113
# Tue 15:17:53 12-Dec-2017
begin	tr1007
	task	fitcoords
	axis	2
	units	angstroms
	surface	32
		2.
		6.
		4.
		1.
		1.
		311.0000000000001
		1.
		2725.
		7998.881452798957
		0.5968174912322443
		0.5742030797916078
		0.157197230988081
		0.1620806848482549
		-0.1735936420359328
		3447.897601589567
		-1.619383188231665
		1.759216763716463
		0.7778022923010392
		0.2603154391732734
		-0.4030371496765629
		20.43183823624314
		-0.8467085086182911
		1.87883137514861
		0.3056436615540688
		0.1826358171057115
		-0.2327888556330818
		-30.83149545159319
		-0.4686015872687331
		1.551003216368033
		0.4055387574363368
		0.2319602478922353
		-0.2281332243738113
# Tue 15:18:52 12-Dec-2017
begin	tr1007
	task	fitcoords
	axis	2
	units	angstroms
	surface	32
		2.
		6.
		4.
		1.
		1.
		311.0000000000001
		1.
		2725.
		7998.881452798957
		0.5968174912322443
		0.5742030797916078
		0.157197230988081
		0.1620806848482549
		-0.1735936420359328
		3447.897601589567
		-1.619383188231665
		1.759216763716463
		0.7778022923010392
		0.2603154391732734
		-0.4030371496765629
		20.43183823624314
		-0.8467085086182911
		1.87883137514861
		0.3056436615540688
		0.1826358171057115
		-0.2327888556330818
		-30.83149545159319
		-0.4686015872687331
		1.551003216368033
		0.4055387574363368
		0.2319602478922353
		-0.2281332243738113
# Wed 13:55:43 13-Dec-2017
begin	tr1007
	task	fitcoords
	axis	2
	units	angstroms
	surface	32
		2.
		6.
		4.
		1.
		1.
		311.0000000000001
		1.
		2725.
		7998.881452798957
		0.5968174912322443
		0.5742030797916078
		0.157197230988081
		0.1620806848482549
		-0.1735936420359328
		3447.897601589567
		-1.619383188231665
		1.759216763716463
		0.7778022923010392
		0.2603154391732734
		-0.4030371496765629
		20.43183823624314
		-0.8467085086182911
		1.87883137514861
		0.3056436615540688
		0.1826358171057115
		-0.2327888556330818
		-30.83149545159319
		-0.4686015872687331
		1.551003216368033
		0.4055387574363368
		0.2319602478922353
		-0.2281332243738113
# Wed 13:57:32 13-Dec-2017
begin	tr1007
	task	fitcoords
	axis	2
	units	angstroms
	surface	32
		2.
		6.
		4.
		1.
		1.
		311.0000000000001
		1.
		1951.
		7644.265367631938
		0.9450890223618562
		-0.002758150960576634
		0.01652658911649438
		0.09853655678530002
		-0.08406016747050124
		2478.204323253664
		-0.7555152642168062
		0.1240302417602639
		0.3003343149106208
		0.03795741852238024
		-0.1310055376920974
		18.47464775458394
		-0.3122440690374526
		0.5601538185669636
		0.05134509333166378
		0.03337250879461459
		-0.06006718797104261
		-11.31037787154686
		-0.1719041177068023
		0.5689776704036122
		0.1487698381467816
		0.08509344150889899
		-0.08368951732413508
# Wed 14:02:54 13-Dec-2017
begin	tr1007
	task	fitcoords
	axis	2
	units	angstroms
	surface	32
		2.
		6.
		4.
		1.
		1.
		311.0000000000001
		1.
		1951.
		7644.265367631938
		0.9450890223618562
		-0.002758150960576634
		0.01652658911649438
		0.09853655678530002
		-0.08406016747050124
		2478.204323253664
		-0.7555152642168062
		0.1240302417602639
		0.3003343149106208
		0.03795741852238024
		-0.1310055376920974
		18.47464775458394
		-0.3122440690374526
		0.5601538185669636
		0.05134509333166378
		0.03337250879461459
		-0.06006718797104261
		-11.31037787154686
		-0.1719041177068023
		0.5689776704036122
		0.1487698381467816
		0.08509344150889899
		-0.08368951732413508
# Wed 14:07:20 13-Dec-2017
begin	tr1007
	task	fitcoords
	axis	2
	units	angstroms
	surface	32
		2.
		6.
		4.
		1.
		1.
		311.0000000000001
		1.
		1951.
		7644.265367631938
		0.9450890223618562
		-0.002758150960576634
		0.01652658911649438
		0.09853655678530002
		-0.08406016747050124
		2478.204323253664
		-0.7555152642168062
		0.1240302417602639
		0.3003343149106208
		0.03795741852238024
		-0.1310055376920974
		18.47464775458394
		-0.3122440690374526
		0.5601538185669636
		0.05134509333166378
		0.03337250879461459
		-0.06006718797104261
		-11.31037787154686
		-0.1719041177068023
		0.5689776704036122
		0.1487698381467816
		0.08509344150889899
		-0.08368951732413508
# Wed 14:09:08 13-Dec-2017
begin	tr1007
	task	fitcoords
	axis	2
	units	angstroms
	surface	32
		2.
		6.
		4.
		1.
		1.
		311.0000000000001
		1.
		1951.
		7644.265367631938
		0.9450890223618562
		-0.002758150960576634
		0.01652658911649438
		0.09853655678530002
		-0.08406016747050124
		2478.204323253664
		-0.7555152642168062
		0.1240302417602639
		0.3003343149106208
		0.03795741852238024
		-0.1310055376920974
		18.47464775458394
		-0.3122440690374526
		0.5601538185669636
		0.05134509333166378
		0.03337250879461459
		-0.06006718797104261
		-11.31037787154686
		-0.1719041177068023
		0.5689776704036122
		0.1487698381467816
		0.08509344150889899
		-0.08368951732413508
# Wed 14:13:55 13-Dec-2017
begin	tr1007
	task	fitcoords
	axis	2
	units	angstroms
	surface	32
		2.
		6.
		4.
		1.
		1.
		311.0000000000001
		1.
		1951.
		7644.265367631938
		0.9450890223618562
		-0.002758150960576634
		0.01652658911649438
		0.09853655678530002
		-0.08406016747050124
		2478.204323253664
		-0.7555152642168062
		0.1240302417602639
		0.3003343149106208
		0.03795741852238024
		-0.1310055376920974
		18.47464775458394
		-0.3122440690374526
		0.5601538185669636
		0.05134509333166378
		0.03337250879461459
		-0.06006718797104261
		-11.31037787154686
		-0.1719041177068023
		0.5689776704036122
		0.1487698381467816
		0.08509344150889899
		-0.08368951732413508
# Wed 14:19:25 13-Dec-2017
begin	tr1007
	task	fitcoords
	axis	2
	units	angstroms
	surface	32
		2.
		6.
		4.
		1.
		1.
		311.0000000000001
		1.
		1951.
		7644.265367631938
		0.9450890223618562
		-0.002758150960576634
		0.01652658911649438
		0.09853655678530002
		-0.08406016747050124
		2478.204323253664
		-0.7555152642168062
		0.1240302417602639
		0.3003343149106208
		0.03795741852238024
		-0.1310055376920974
		18.47464775458394
		-0.3122440690374526
		0.5601538185669636
		0.05134509333166378
		0.03337250879461459
		-0.06006718797104261
		-11.31037787154686
		-0.1719041177068023
		0.5689776704036122
		0.1487698381467816
		0.08509344150889899
		-0.08368951732413508
# Wed 14:21:20 13-Dec-2017
begin	tr1007
	task	fitcoords
	axis	2
	units	angstroms
	surface	32
		2.
		6.
		4.
		1.
		1.
		311.0000000000001
		1.
		1951.
		7644.265367631938
		0.9450890223618562
		-0.002758150960576634
		0.01652658911649438
		0.09853655678530002
		-0.08406016747050124
		2478.204323253664
		-0.7555152642168062
		0.1240302417602639
		0.3003343149106208
		0.03795741852238024
		-0.1310055376920974
		18.47464775458394
		-0.3122440690374526
		0.5601538185669636
		0.05134509333166378
		0.03337250879461459
		-0.06006718797104261
		-11.31037787154686
		-0.1719041177068023
		0.5689776704036122
		0.1487698381467816
		0.08509344150889899
		-0.08368951732413508
# Wed 14:23:02 13-Dec-2017
begin	tr1007
	task	fitcoords
	axis	2
	units	angstroms
	surface	32
		2.
		6.
		4.
		1.
		1.
		311.0000000000001
		1.
		2725.
		7998.881452798957
		0.5968174912322443
		0.5742030797916078
		0.157197230988081
		0.1620806848482549
		-0.1735936420359328
		3447.897601589567
		-1.619383188231665
		1.759216763716463
		0.7778022923010392
		0.2603154391732734
		-0.4030371496765629
		20.43183823624314
		-0.8467085086182911
		1.87883137514861
		0.3056436615540688
		0.1826358171057115
		-0.2327888556330818
		-30.83149545159319
		-0.4686015872687331
		1.551003216368033
		0.4055387574363368
		0.2319602478922353
		-0.2281332243738113
# Wed 14:23:52 13-Dec-2017
begin	tr1007
	task	fitcoords
	axis	2
	units	angstroms
	surface	32
		2.
		6.
		4.
		1.
		1.
		311.0000000000001
		1.
		1951.
		7644.265367631938
		0.9450890223618562
		-0.002758150960576634
		0.01652658911649438
		0.09853655678530002
		-0.08406016747050124
		2478.204323253664
		-0.7555152642168062
		0.1240302417602639
		0.3003343149106208
		0.03795741852238024
		-0.1310055376920974
		18.47464775458394
		-0.3122440690374526
		0.5601538185669636
		0.05134509333166378
		0.03337250879461459
		-0.06006718797104261
		-11.31037787154686
		-0.1719041177068023
		0.5689776704036122
		0.1487698381467816
		0.08509344150889899
		-0.08368951732413508
# Wed 14:25:36 13-Dec-2017
begin	tr1007
	task	fitcoords
	axis	2
	units	angstroms
	surface	32
		2.
		6.
		4.
		1.
		1.
		311.0000000000001
		1.
		1951.
		7644.265367631938
		0.9450890223618562
		-0.002758150960576634
		0.01652658911649438
		0.09853655678530002
		-0.08406016747050124
		2478.204323253664
		-0.7555152642168062
		0.1240302417602639
		0.3003343149106208
		0.03795741852238024
		-0.1310055376920974
		18.47464775458394
		-0.3122440690374526
		0.5601538185669636
		0.05134509333166378
		0.03337250879461459
		-0.06006718797104261
		-11.31037787154686
		-0.1719041177068023
		0.5689776704036122
		0.1487698381467816
		0.08509344150889899
		-0.08368951732413508
# Wed 14:41:26 13-Dec-2017
begin	tr1007
	task	fitcoords
	axis	2
	units	angstroms
	surface	32
		2.
		6.
		4.
		1.
		1.
		311.0000000000001
		1.
		1951.
		7644.265367631938
		0.9450890223618562
		-0.002758150960576634
		0.01652658911649438
		0.09853655678530002
		-0.08406016747050124
		2478.204323253664
		-0.7555152642168062
		0.1240302417602639
		0.3003343149106208
		0.03795741852238024
		-0.1310055376920974
		18.47464775458394
		-0.3122440690374526
		0.5601538185669636
		0.05134509333166378
		0.03337250879461459
		-0.06006718797104261
		-11.31037787154686
		-0.1719041177068023
		0.5689776704036122
		0.1487698381467816
		0.08509344150889899
		-0.08368951732413508
# Wed 14:43:20 13-Dec-2017
begin	tr1007
	task	fitcoords
	axis	2
	units	angstroms
	surface	32
		2.
		6.
		4.
		1.
		1.
		311.0000000000001
		1.
		1951.
		7644.265367631938
		0.9450890223618562
		-0.002758150960576634
		0.01652658911649438
		0.09853655678530002
		-0.08406016747050124
		2478.204323253664
		-0.7555152642168062
		0.1240302417602639
		0.3003343149106208
		0.03795741852238024
		-0.1310055376920974
		18.47464775458394
		-0.3122440690374526
		0.5601538185669636
		0.05134509333166378
		0.03337250879461459
		-0.06006718797104261
		-11.31037787154686
		-0.1719041177068023
		0.5689776704036122
		0.1487698381467816
		0.08509344150889899
		-0.08368951732413508
# Wed 14:44:13 13-Dec-2017
begin	tr1007
	task	fitcoords
	axis	2
	units	angstroms
	surface	32
		2.
		6.
		4.
		1.
		1.
		311.0000000000001
		1.
		1951.
		7644.265367631938
		0.9450890223618562
		-0.002758150960576634
		0.01652658911649438
		0.09853655678530002
		-0.08406016747050124
		2478.204323253664
		-0.7555152642168062
		0.1240302417602639
		0.3003343149106208
		0.03795741852238024
		-0.1310055376920974
		18.47464775458394
		-0.3122440690374526
		0.5601538185669636
		0.05134509333166378
		0.03337250879461459
		-0.06006718797104261
		-11.31037787154686
		-0.1719041177068023
		0.5689776704036122
		0.1487698381467816
		0.08509344150889899
		-0.08368951732413508
# Wed 14:47:02 13-Dec-2017
begin	tr1007
	task	fitcoords
	axis	2
	units	angstroms
	surface	32
		2.
		6.
		4.
		1.
		1.
		311.0000000000001
		1.
		1951.
		7644.265367631938
		0.9450890223618562
		-0.002758150960576634
		0.01652658911649438
		0.09853655678530002
		-0.08406016747050124
		2478.204323253664
		-0.7555152642168062
		0.1240302417602639
		0.3003343149106208
		0.03795741852238024
		-0.1310055376920974
		18.47464775458394
		-0.3122440690374526
		0.5601538185669636
		0.05134509333166378
		0.03337250879461459
		-0.06006718797104261
		-11.31037787154686
		-0.1719041177068023
		0.5689776704036122
		0.1487698381467816
		0.08509344150889899
		-0.08368951732413508
# Wed 14:50:11 13-Dec-2017
begin	tr1007
	task	fitcoords
	axis	2
	units	angstroms
	surface	32
		2.
		6.
		4.
		1.
		1.
		311.0000000000001
		1.
		1951.
		7644.265367631938
		0.9450890223618562
		-0.002758150960576634
		0.01652658911649438
		0.09853655678530002
		-0.08406016747050124
		2478.204323253664
		-0.7555152642168062
		0.1240302417602639
		0.3003343149106208
		0.03795741852238024
		-0.1310055376920974
		18.47464775458394
		-0.3122440690374526
		0.5601538185669636
		0.05134509333166378
		0.03337250879461459
		-0.06006718797104261
		-11.31037787154686
		-0.1719041177068023
		0.5689776704036122
		0.1487698381467816
		0.08509344150889899
		-0.08368951732413508
