# Mon 15:02:38 06-Nov-2017
begin	b1008
	task	fitcoords
	axis	1
	units	angstroms
	surface	32
		2.
		6.
		4.
		1.
		1.
		2112.
		1.
		350.
		4685.345996468469
		1523.61841223952
		61.67136988642254
		-6.067033022353334
		2.253788017913032
		1.969325976184204
		0.5630893994872872
		5.852424181979511
		6.771480632838455
		6.683957974683876
		3.743251110262657
		2.097535372280804
		1.915907017429025
		5.964352836946997
		5.5806819782293
		7.625482220530617
		3.184028978168328
		2.837781014205808
		3.849443110396619
		11.71721538980485
		13.5258109791499
		13.98319297001331
		7.604618164722369
		4.611235789797231
# Mon 15:21:02 06-Nov-2017
begin	b1008
	task	fitcoords
	axis	1
	units	angstroms
	surface	32
		2.
		6.
		4.
		1.
		1.
		2112.
		1.
		350.
		4685.345996468469
		1523.61841223952
		61.67136988642254
		-6.067033022353334
		2.253788017913032
		1.969325976184204
		0.5630893994872872
		5.852424181979511
		6.771480632838455
		6.683957974683876
		3.743251110262657
		2.097535372280804
		1.915907017429025
		5.964352836946997
		5.5806819782293
		7.625482220530617
		3.184028978168328
		2.837781014205808
		3.849443110396619
		11.71721538980485
		13.5258109791499
		13.98319297001331
		7.604618164722369
		4.611235789797231
# Tue 10:16:13 07-Nov-2017
begin	b1008
	task	fitcoords
	axis	1
	units	angstroms
	surface	32
		2.
		6.
		4.
		1.
		1.
		2112.
		1.
		350.
		4685.345996468469
		1523.61841223952
		61.67136988642254
		-6.067033022353334
		2.253788017913032
		1.969325976184204
		0.5630893994872872
		5.852424181979511
		6.771480632838455
		6.683957974683876
		3.743251110262657
		2.097535372280804
		1.915907017429025
		5.964352836946997
		5.5806819782293
		7.625482220530617
		3.184028978168328
		2.837781014205808
		3.849443110396619
		11.71721538980485
		13.5258109791499
		13.98319297001331
		7.604618164722369
		4.611235789797231
# Tue 10:39:11 07-Nov-2017
begin	b1008
	task	fitcoords
	axis	1
	units	angstroms
	surface	32
		2.
		6.
		4.
		1.
		1.
		2112.
		1.
		350.
		4685.345996468469
		1523.61841223952
		61.67136988642254
		-6.067033022353334
		2.253788017913032
		1.969325976184204
		0.5630893994872872
		5.852424181979511
		6.771480632838455
		6.683957974683876
		3.743251110262657
		2.097535372280804
		1.915907017429025
		5.964352836946997
		5.5806819782293
		7.625482220530617
		3.184028978168328
		2.837781014205808
		3.849443110396619
		11.71721538980485
		13.5258109791499
		13.98319297001331
		7.604618164722369
		4.611235789797231
# Tue 10:43:58 07-Nov-2017
begin	b1008
	task	fitcoords
	axis	1
	units	angstroms
	surface	32
		2.
		6.
		4.
		1.
		1.
		2112.
		1.
		350.
		4685.345996468469
		1523.61841223952
		61.67136988642254
		-6.067033022353334
		2.253788017913032
		1.969325976184204
		0.5630893994872872
		5.852424181979511
		6.771480632838455
		6.683957974683876
		3.743251110262657
		2.097535372280804
		1.915907017429025
		5.964352836946997
		5.5806819782293
		7.625482220530617
		3.184028978168328
		2.837781014205808
		3.849443110396619
		11.71721538980485
		13.5258109791499
		13.98319297001331
		7.604618164722369
		4.611235789797231
# Tue 10:53:37 07-Nov-2017
begin	b1008
	task	fitcoords
	axis	1
	units	angstroms
	surface	32
		2.
		6.
		4.
		1.
		1.
		2112.
		1.
		350.
		4685.345996468469
		1523.61841223952
		61.67136988642254
		-6.067033022353334
		2.253788017913032
		1.969325976184204
		0.5630893994872872
		5.852424181979511
		6.771480632838455
		6.683957974683876
		3.743251110262657
		2.097535372280804
		1.915907017429025
		5.964352836946997
		5.5806819782293
		7.625482220530617
		3.184028978168328
		2.837781014205808
		3.849443110396619
		11.71721538980485
		13.5258109791499
		13.98319297001331
		7.604618164722369
		4.611235789797231
# Tue 11:03:26 07-Nov-2017
begin	b1008
	task	fitcoords
	axis	1
	units	angstroms
	surface	32
		2.
		6.
		4.
		1.
		1.
		2112.
		1.
		350.
		4685.345996468469
		1523.61841223952
		61.67136988642254
		-6.067033022353334
		2.253788017913032
		1.969325976184204
		0.5630893994872872
		5.852424181979511
		6.771480632838455
		6.683957974683876
		3.743251110262657
		2.097535372280804
		1.915907017429025
		5.964352836946997
		5.5806819782293
		7.625482220530617
		3.184028978168328
		2.837781014205808
		3.849443110396619
		11.71721538980485
		13.5258109791499
		13.98319297001331
		7.604618164722369
		4.611235789797231
# Tue 11:04:29 07-Nov-2017
begin	b1008
	task	fitcoords
	axis	1
	units	angstroms
	surface	32
		2.
		6.
		4.
		1.
		1.
		2112.
		1.
		350.
		4685.345996468469
		1523.61841223952
		61.67136988642254
		-6.067033022353334
		2.253788017913032
		1.969325976184204
		0.5630893994872872
		5.852424181979511
		6.771480632838455
		6.683957974683876
		3.743251110262657
		2.097535372280804
		1.915907017429025
		5.964352836946997
		5.5806819782293
		7.625482220530617
		3.184028978168328
		2.837781014205808
		3.849443110396619
		11.71721538980485
		13.5258109791499
		13.98319297001331
		7.604618164722369
		4.611235789797231
# Tue 11:08:23 07-Nov-2017
begin	b1008
	task	fitcoords
	axis	1
	units	angstroms
	surface	32
		2.
		6.
		4.
		1.
		1.
		2112.
		1.
		350.
		4685.345996468469
		1523.61841223952
		61.67136988642254
		-6.067033022353334
		2.253788017913032
		1.969325976184204
		0.5630893994872872
		5.852424181979511
		6.771480632838455
		6.683957974683876
		3.743251110262657
		2.097535372280804
		1.915907017429025
		5.964352836946997
		5.5806819782293
		7.625482220530617
		3.184028978168328
		2.837781014205808
		3.849443110396619
		11.71721538980485
		13.5258109791499
		13.98319297001331
		7.604618164722369
		4.611235789797231
# Tue 11:21:20 07-Nov-2017
begin	b1008
	task	fitcoords
	axis	1
	units	angstroms
	surface	32
		2.
		6.
		4.
		1.
		1.
		2112.
		1.
		350.
		4685.345996468469
		1523.61841223952
		61.67136988642254
		-6.067033022353334
		2.253788017913032
		1.969325976184204
		0.5630893994872872
		5.852424181979511
		6.771480632838455
		6.683957974683876
		3.743251110262657
		2.097535372280804
		1.915907017429025
		5.964352836946997
		5.5806819782293
		7.625482220530617
		3.184028978168328
		2.837781014205808
		3.849443110396619
		11.71721538980485
		13.5258109791499
		13.98319297001331
		7.604618164722369
		4.611235789797231
# Tue 11:22:19 07-Nov-2017
begin	b1008
	task	fitcoords
	axis	1
	units	angstroms
	surface	32
		2.
		6.
		4.
		1.
		1.
		2112.
		1.
		350.
		4685.345996468469
		1523.61841223952
		61.67136988642254
		-6.067033022353334
		2.253788017913032
		1.969325976184204
		0.5630893994872872
		5.852424181979511
		6.771480632838455
		6.683957974683876
		3.743251110262657
		2.097535372280804
		1.915907017429025
		5.964352836946997
		5.5806819782293
		7.625482220530617
		3.184028978168328
		2.837781014205808
		3.849443110396619
		11.71721538980485
		13.5258109791499
		13.98319297001331
		7.604618164722369
		4.611235789797231
# Tue 11:50:09 07-Nov-2017
begin	b1008
	task	fitcoords
	axis	1
	units	angstroms
	surface	32
		2.
		6.
		4.
		1.
		1.
		2112.
		1.
		350.
		4685.345996468469
		1523.61841223952
		61.67136988642254
		-6.067033022353334
		2.253788017913032
		1.969325976184204
		0.5630893994872872
		5.852424181979511
		6.771480632838455
		6.683957974683876
		3.743251110262657
		2.097535372280804
		1.915907017429025
		5.964352836946997
		5.5806819782293
		7.625482220530617
		3.184028978168328
		2.837781014205808
		3.849443110396619
		11.71721538980485
		13.5258109791499
		13.98319297001331
		7.604618164722369
		4.611235789797231
# Tue 11:50:38 07-Nov-2017
begin	b1008
	task	fitcoords
	axis	1
	units	angstroms
	surface	32
		2.
		6.
		4.
		1.
		1.
		2112.
		1.
		350.
		4685.345996468469
		1523.61841223952
		61.67136988642254
		-6.067033022353334
		2.253788017913032
		1.969325976184204
		0.5630893994872872
		5.852424181979511
		6.771480632838455
		6.683957974683876
		3.743251110262657
		2.097535372280804
		1.915907017429025
		5.964352836946997
		5.5806819782293
		7.625482220530617
		3.184028978168328
		2.837781014205808
		3.849443110396619
		11.71721538980485
		13.5258109791499
		13.98319297001331
		7.604618164722369
		4.611235789797231
# Tue 16:19:45 07-Nov-2017
begin	b1008
	task	fitcoords
	axis	1
	units	angstroms
	surface	32
		2.
		6.
		4.
		1.
		1.
		2112.
		1.
		350.
		4685.345996468469
		1523.61841223952
		61.67136988642254
		-6.067033022353334
		2.253788017913032
		1.969325976184204
		0.5630893994872872
		5.852424181979511
		6.771480632838455
		6.683957974683876
		3.743251110262657
		2.097535372280804
		1.915907017429025
		5.964352836946997
		5.5806819782293
		7.625482220530617
		3.184028978168328
		2.837781014205808
		3.849443110396619
		11.71721538980485
		13.5258109791499
		13.98319297001331
		7.604618164722369
		4.611235789797231
# Tue 16:20:25 07-Nov-2017
begin	b1008
	task	fitcoords
	axis	1
	units	angstroms
	surface	32
		2.
		6.
		4.
		1.
		1.
		2112.
		1.
		350.
		4685.345996468469
		1523.61841223952
		61.67136988642254
		-6.067033022353334
		2.253788017913032
		1.969325976184204
		0.5630893994872872
		5.852424181979511
		6.771480632838455
		6.683957974683876
		3.743251110262657
		2.097535372280804
		1.915907017429025
		5.964352836946997
		5.5806819782293
		7.625482220530617
		3.184028978168328
		2.837781014205808
		3.849443110396619
		11.71721538980485
		13.5258109791499
		13.98319297001331
		7.604618164722369
		4.611235789797231
# Tue 16:20:35 07-Nov-2017
begin	b1008
	task	fitcoords
	axis	1
	units	angstroms
	surface	32
		2.
		6.
		4.
		1.
		1.
		2112.
		1.
		350.
		4685.345996468469
		1523.61841223952
		61.67136988642254
		-6.067033022353334
		2.253788017913032
		1.969325976184204
		0.5630893994872872
		5.852424181979511
		6.771480632838455
		6.683957974683876
		3.743251110262657
		2.097535372280804
		1.915907017429025
		5.964352836946997
		5.5806819782293
		7.625482220530617
		3.184028978168328
		2.837781014205808
		3.849443110396619
		11.71721538980485
		13.5258109791499
		13.98319297001331
		7.604618164722369
		4.611235789797231
# Tue 16:21:05 07-Nov-2017
begin	b1008
	task	fitcoords
	axis	1
	units	angstroms
	surface	32
		2.
		6.
		4.
		1.
		1.
		2112.
		1.
		350.
		4685.345996468469
		1523.61841223952
		61.67136988642254
		-6.067033022353334
		2.253788017913032
		1.969325976184204
		0.5630893994872872
		5.852424181979511
		6.771480632838455
		6.683957974683876
		3.743251110262657
		2.097535372280804
		1.915907017429025
		5.964352836946997
		5.5806819782293
		7.625482220530617
		3.184028978168328
		2.837781014205808
		3.849443110396619
		11.71721538980485
		13.5258109791499
		13.98319297001331
		7.604618164722369
		4.611235789797231
# Tue 16:25:40 07-Nov-2017
begin	b1008
	task	fitcoords
	axis	1
	units	angstroms
	surface	32
		2.
		6.
		4.
		1.
		1.
		2112.
		1.
		350.
		4685.345996468469
		1523.61841223952
		61.67136988642254
		-6.067033022353334
		2.253788017913032
		1.969325976184204
		0.5630893994872872
		5.852424181979511
		6.771480632838455
		6.683957974683876
		3.743251110262657
		2.097535372280804
		1.915907017429025
		5.964352836946997
		5.5806819782293
		7.625482220530617
		3.184028978168328
		2.837781014205808
		3.849443110396619
		11.71721538980485
		13.5258109791499
		13.98319297001331
		7.604618164722369
		4.611235789797231
# Tue 16:47:54 07-Nov-2017
begin	b1008
	task	fitcoords
	axis	1
	units	angstroms
	surface	32
		2.
		6.
		4.
		1.
		1.
		2112.
		1.
		350.
		4685.345996468469
		1523.61841223952
		61.67136988642254
		-6.067033022353334
		2.253788017913032
		1.969325976184204
		0.5630893994872872
		5.852424181979511
		6.771480632838455
		6.683957974683876
		3.743251110262657
		2.097535372280804
		1.915907017429025
		5.964352836946997
		5.5806819782293
		7.625482220530617
		3.184028978168328
		2.837781014205808
		3.849443110396619
		11.71721538980485
		13.5258109791499
		13.98319297001331
		7.604618164722369
		4.611235789797231
# Tue 17:02:21 07-Nov-2017
begin	b1008
	task	fitcoords
	axis	1
	units	angstroms
	surface	32
		2.
		6.
		4.
		1.
		1.
		2112.
		1.
		350.
		4685.345996468469
		1523.61841223952
		61.67136988642254
		-6.067033022353334
		2.253788017913032
		1.969325976184204
		0.5630893994872872
		5.852424181979511
		6.771480632838455
		6.683957974683876
		3.743251110262657
		2.097535372280804
		1.915907017429025
		5.964352836946997
		5.5806819782293
		7.625482220530617
		3.184028978168328
		2.837781014205808
		3.849443110396619
		11.71721538980485
		13.5258109791499
		13.98319297001331
		7.604618164722369
		4.611235789797231
# Tue 17:05:39 07-Nov-2017
begin	b1008
	task	fitcoords
	axis	1
	units	angstroms
	surface	32
		2.
		6.
		4.
		1.
		1.
		2112.
		1.
		350.
		4685.345996468469
		1523.61841223952
		61.67136988642254
		-6.067033022353334
		2.253788017913032
		1.969325976184204
		0.5630893994872872
		5.852424181979511
		6.771480632838455
		6.683957974683876
		3.743251110262657
		2.097535372280804
		1.915907017429025
		5.964352836946997
		5.5806819782293
		7.625482220530617
		3.184028978168328
		2.837781014205808
		3.849443110396619
		11.71721538980485
		13.5258109791499
		13.98319297001331
		7.604618164722369
		4.611235789797231
# Tue 17:09:40 07-Nov-2017
begin	b1008
	task	fitcoords
	axis	1
	units	angstroms
	surface	32
		2.
		6.
		4.
		1.
		1.
		2112.
		1.
		350.
		4685.345996468469
		1523.61841223952
		61.67136988642254
		-6.067033022353334
		2.253788017913032
		1.969325976184204
		0.5630893994872872
		5.852424181979511
		6.771480632838455
		6.683957974683876
		3.743251110262657
		2.097535372280804
		1.915907017429025
		5.964352836946997
		5.5806819782293
		7.625482220530617
		3.184028978168328
		2.837781014205808
		3.849443110396619
		11.71721538980485
		13.5258109791499
		13.98319297001331
		7.604618164722369
		4.611235789797231
# Wed 11:09:57 08-Nov-2017
begin	b1008
	task	fitcoords
	axis	1
	units	angstroms
	surface	32
		2.
		6.
		4.
		1.
		1.
		2112.
		1.
		350.
		4685.345996468469
		1523.61841223952
		61.67136988642254
		-6.067033022353334
		2.253788017913032
		1.969325976184204
		0.5630893994872872
		5.852424181979511
		6.771480632838455
		6.683957974683876
		3.743251110262657
		2.097535372280804
		1.915907017429025
		5.964352836946997
		5.5806819782293
		7.625482220530617
		3.184028978168328
		2.837781014205808
		3.849443110396619
		11.71721538980485
		13.5258109791499
		13.98319297001331
		7.604618164722369
		4.611235789797231
# Wed 11:19:38 08-Nov-2017
begin	b1008
	task	fitcoords
	axis	1
	units	angstroms
	surface	32
		2.
		6.
		4.
		1.
		1.
		2112.
		1.
		350.
		4685.345996468469
		1523.61841223952
		61.67136988642254
		-6.067033022353334
		2.253788017913032
		1.969325976184204
		0.5630893994872872
		5.852424181979511
		6.771480632838455
		6.683957974683876
		3.743251110262657
		2.097535372280804
		1.915907017429025
		5.964352836946997
		5.5806819782293
		7.625482220530617
		3.184028978168328
		2.837781014205808
		3.849443110396619
		11.71721538980485
		13.5258109791499
		13.98319297001331
		7.604618164722369
		4.611235789797231
# Wed 11:23:39 08-Nov-2017
begin	b1008
	task	fitcoords
	axis	1
	units	angstroms
	surface	32
		2.
		6.
		4.
		1.
		1.
		2112.
		1.
		350.
		4685.345996468469
		1523.61841223952
		61.67136988642254
		-6.067033022353334
		2.253788017913032
		1.969325976184204
		0.5630893994872872
		5.852424181979511
		6.771480632838455
		6.683957974683876
		3.743251110262657
		2.097535372280804
		1.915907017429025
		5.964352836946997
		5.5806819782293
		7.625482220530617
		3.184028978168328
		2.837781014205808
		3.849443110396619
		11.71721538980485
		13.5258109791499
		13.98319297001331
		7.604618164722369
		4.611235789797231
# Wed 11:25:07 08-Nov-2017
begin	b1008
	task	fitcoords
	axis	1
	units	angstroms
	surface	32
		2.
		6.
		4.
		1.
		1.
		2112.
		1.
		350.
		4685.345996468469
		1523.61841223952
		61.67136988642254
		-6.067033022353334
		2.253788017913032
		1.969325976184204
		0.5630893994872872
		5.852424181979511
		6.771480632838455
		6.683957974683876
		3.743251110262657
		2.097535372280804
		1.915907017429025
		5.964352836946997
		5.5806819782293
		7.625482220530617
		3.184028978168328
		2.837781014205808
		3.849443110396619
		11.71721538980485
		13.5258109791499
		13.98319297001331
		7.604618164722369
		4.611235789797231
# Wed 13:25:40 08-Nov-2017
begin	b1008
	task	fitcoords
	axis	1
	units	angstroms
	surface	32
		2.
		6.
		4.
		1.
		1.
		2112.
		1.
		350.
		4685.345996468469
		1523.61841223952
		61.67136988642254
		-6.067033022353334
		2.253788017913032
		1.969325976184204
		0.5630893994872872
		5.852424181979511
		6.771480632838455
		6.683957974683876
		3.743251110262657
		2.097535372280804
		1.915907017429025
		5.964352836946997
		5.5806819782293
		7.625482220530617
		3.184028978168328
		2.837781014205808
		3.849443110396619
		11.71721538980485
		13.5258109791499
		13.98319297001331
		7.604618164722369
		4.611235789797231
# Wed 14:23:05 08-Nov-2017
begin	b1008
	task	fitcoords
	axis	1
	units	angstroms
	surface	32
		2.
		6.
		4.
		1.
		1.
		2112.
		1.
		350.
		4685.345996468469
		1523.61841223952
		61.67136988642254
		-6.067033022353334
		2.253788017913032
		1.969325976184204
		0.5630893994872872
		5.852424181979511
		6.771480632838455
		6.683957974683876
		3.743251110262657
		2.097535372280804
		1.915907017429025
		5.964352836946997
		5.5806819782293
		7.625482220530617
		3.184028978168328
		2.837781014205808
		3.849443110396619
		11.71721538980485
		13.5258109791499
		13.98319297001331
		7.604618164722369
		4.611235789797231
# Wed 14:24:28 08-Nov-2017
begin	b1008
	task	fitcoords
	axis	1
	units	angstroms
	surface	32
		2.
		6.
		4.
		1.
		1.
		2112.
		1.
		350.
		4685.345996468469
		1523.61841223952
		61.67136988642254
		-6.067033022353334
		2.253788017913032
		1.969325976184204
		0.5630893994872872
		5.852424181979511
		6.771480632838455
		6.683957974683876
		3.743251110262657
		2.097535372280804
		1.915907017429025
		5.964352836946997
		5.5806819782293
		7.625482220530617
		3.184028978168328
		2.837781014205808
		3.849443110396619
		11.71721538980485
		13.5258109791499
		13.98319297001331
		7.604618164722369
		4.611235789797231
# Wed 14:24:42 08-Nov-2017
begin	b1008
	task	fitcoords
	axis	1
	units	angstroms
	surface	32
		2.
		6.
		4.
		1.
		1.
		2112.
		1.
		350.
		4685.345996468469
		1523.61841223952
		61.67136988642254
		-6.067033022353334
		2.253788017913032
		1.969325976184204
		0.5630893994872872
		5.852424181979511
		6.771480632838455
		6.683957974683876
		3.743251110262657
		2.097535372280804
		1.915907017429025
		5.964352836946997
		5.5806819782293
		7.625482220530617
		3.184028978168328
		2.837781014205808
		3.849443110396619
		11.71721538980485
		13.5258109791499
		13.98319297001331
		7.604618164722369
		4.611235789797231
# Wed 14:26:24 08-Nov-2017
begin	b1008
	task	fitcoords
	axis	1
	units	angstroms
	surface	32
		2.
		6.
		4.
		1.
		1.
		2112.
		1.
		350.
		4685.345996468469
		1523.61841223952
		61.67136988642254
		-6.067033022353334
		2.253788017913032
		1.969325976184204
		0.5630893994872872
		5.852424181979511
		6.771480632838455
		6.683957974683876
		3.743251110262657
		2.097535372280804
		1.915907017429025
		5.964352836946997
		5.5806819782293
		7.625482220530617
		3.184028978168328
		2.837781014205808
		3.849443110396619
		11.71721538980485
		13.5258109791499
		13.98319297001331
		7.604618164722369
		4.611235789797231
# Wed 14:27:01 08-Nov-2017
begin	b1008
	task	fitcoords
	axis	1
	units	angstroms
	surface	32
		2.
		6.
		4.
		1.
		1.
		2112.
		1.
		350.
		4685.345996468469
		1523.61841223952
		61.67136988642254
		-6.067033022353334
		2.253788017913032
		1.969325976184204
		0.5630893994872872
		5.852424181979511
		6.771480632838455
		6.683957974683876
		3.743251110262657
		2.097535372280804
		1.915907017429025
		5.964352836946997
		5.5806819782293
		7.625482220530617
		3.184028978168328
		2.837781014205808
		3.849443110396619
		11.71721538980485
		13.5258109791499
		13.98319297001331
		7.604618164722369
		4.611235789797231
# Wed 14:28:03 08-Nov-2017
begin	b1008
	task	fitcoords
	axis	1
	units	angstroms
	surface	32
		2.
		6.
		4.
		1.
		1.
		2112.
		1.
		350.
		4685.345996468469
		1523.61841223952
		61.67136988642254
		-6.067033022353334
		2.253788017913032
		1.969325976184204
		0.5630893994872872
		5.852424181979511
		6.771480632838455
		6.683957974683876
		3.743251110262657
		2.097535372280804
		1.915907017429025
		5.964352836946997
		5.5806819782293
		7.625482220530617
		3.184028978168328
		2.837781014205808
		3.849443110396619
		11.71721538980485
		13.5258109791499
		13.98319297001331
		7.604618164722369
		4.611235789797231
# Wed 14:50:10 08-Nov-2017
begin	b1008
	task	fitcoords
	axis	1
	units	angstroms
	surface	32
		2.
		6.
		4.
		1.
		1.
		2112.
		1.
		350.
		4685.345996468469
		1523.61841223952
		61.67136988642254
		-6.067033022353334
		2.253788017913032
		1.969325976184204
		0.5630893994872872
		5.852424181979511
		6.771480632838455
		6.683957974683876
		3.743251110262657
		2.097535372280804
		1.915907017429025
		5.964352836946997
		5.5806819782293
		7.625482220530617
		3.184028978168328
		2.837781014205808
		3.849443110396619
		11.71721538980485
		13.5258109791499
		13.98319297001331
		7.604618164722369
		4.611235789797231
# Wed 14:57:20 08-Nov-2017
begin	b1008
	task	fitcoords
	axis	1
	units	angstroms
	surface	32
		2.
		6.
		4.
		1.
		1.
		2112.
		1.
		350.
		4685.345996468469
		1523.61841223952
		61.67136988642254
		-6.067033022353334
		2.253788017913032
		1.969325976184204
		0.5630893994872872
		5.852424181979511
		6.771480632838455
		6.683957974683876
		3.743251110262657
		2.097535372280804
		1.915907017429025
		5.964352836946997
		5.5806819782293
		7.625482220530617
		3.184028978168328
		2.837781014205808
		3.849443110396619
		11.71721538980485
		13.5258109791499
		13.98319297001331
		7.604618164722369
		4.611235789797231
# Wed 14:59:57 08-Nov-2017
begin	b1008
	task	fitcoords
	axis	1
	units	angstroms
	surface	32
		2.
		6.
		4.
		1.
		1.
		2112.
		1.
		350.
		4685.345996468469
		1523.61841223952
		61.67136988642254
		-6.067033022353334
		2.253788017913032
		1.969325976184204
		0.5630893994872872
		5.852424181979511
		6.771480632838455
		6.683957974683876
		3.743251110262657
		2.097535372280804
		1.915907017429025
		5.964352836946997
		5.5806819782293
		7.625482220530617
		3.184028978168328
		2.837781014205808
		3.849443110396619
		11.71721538980485
		13.5258109791499
		13.98319297001331
		7.604618164722369
		4.611235789797231
# Wed 15:01:35 08-Nov-2017
begin	b1008
	task	fitcoords
	axis	1
	units	angstroms
	surface	32
		2.
		6.
		4.
		1.
		1.
		2112.
		1.
		350.
		4685.345996468469
		1523.61841223952
		61.67136988642254
		-6.067033022353334
		2.253788017913032
		1.969325976184204
		0.5630893994872872
		5.852424181979511
		6.771480632838455
		6.683957974683876
		3.743251110262657
		2.097535372280804
		1.915907017429025
		5.964352836946997
		5.5806819782293
		7.625482220530617
		3.184028978168328
		2.837781014205808
		3.849443110396619
		11.71721538980485
		13.5258109791499
		13.98319297001331
		7.604618164722369
		4.611235789797231
# Wed 15:05:42 08-Nov-2017
begin	b1008
	task	fitcoords
	axis	1
	units	angstroms
	surface	32
		2.
		6.
		4.
		1.
		1.
		2112.
		1.
		350.
		4685.345996468469
		1523.61841223952
		61.67136988642254
		-6.067033022353334
		2.253788017913032
		1.969325976184204
		0.5630893994872872
		5.852424181979511
		6.771480632838455
		6.683957974683876
		3.743251110262657
		2.097535372280804
		1.915907017429025
		5.964352836946997
		5.5806819782293
		7.625482220530617
		3.184028978168328
		2.837781014205808
		3.849443110396619
		11.71721538980485
		13.5258109791499
		13.98319297001331
		7.604618164722369
		4.611235789797231
# Wed 15:08:08 08-Nov-2017
begin	b1008
	task	fitcoords
	axis	1
	units	angstroms
	surface	32
		2.
		6.
		4.
		1.
		1.
		2112.
		1.
		350.
		4685.345996468469
		1523.61841223952
		61.67136988642254
		-6.067033022353334
		2.253788017913032
		1.969325976184204
		0.5630893994872872
		5.852424181979511
		6.771480632838455
		6.683957974683876
		3.743251110262657
		2.097535372280804
		1.915907017429025
		5.964352836946997
		5.5806819782293
		7.625482220530617
		3.184028978168328
		2.837781014205808
		3.849443110396619
		11.71721538980485
		13.5258109791499
		13.98319297001331
		7.604618164722369
		4.611235789797231
# Tue 09:59:55 14-Nov-2017
begin	b1008
	task	fitcoords
	axis	1
	units	angstroms
	surface	32
		2.
		6.
		4.
		1.
		1.
		2112.
		1.
		350.
		4685.345996468469
		1523.61841223952
		61.67136988642254
		-6.067033022353334
		2.253788017913032
		1.969325976184204
		0.5630893994872872
		5.852424181979511
		6.771480632838455
		6.683957974683876
		3.743251110262657
		2.097535372280804
		1.915907017429025
		5.964352836946997
		5.5806819782293
		7.625482220530617
		3.184028978168328
		2.837781014205808
		3.849443110396619
		11.71721538980485
		13.5258109791499
		13.98319297001331
		7.604618164722369
		4.611235789797231
# Tue 10:00:33 14-Nov-2017
begin	b1008
	task	fitcoords
	axis	1
	units	angstroms
	surface	32
		2.
		6.
		4.
		1.
		1.
		2112.
		1.
		350.
		4685.345996468469
		1523.61841223952
		61.67136988642254
		-6.067033022353334
		2.253788017913032
		1.969325976184204
		0.5630893994872872
		5.852424181979511
		6.771480632838455
		6.683957974683876
		3.743251110262657
		2.097535372280804
		1.915907017429025
		5.964352836946997
		5.5806819782293
		7.625482220530617
		3.184028978168328
		2.837781014205808
		3.849443110396619
		11.71721538980485
		13.5258109791499
		13.98319297001331
		7.604618164722369
		4.611235789797231
# Tue 10:16:05 14-Nov-2017
begin	b1008
	task	fitcoords
	axis	1
	units	angstroms
	surface	32
		2.
		6.
		4.
		1.
		1.
		2112.
		1.
		350.
		4685.345996468469
		1523.61841223952
		61.67136988642254
		-6.067033022353334
		2.253788017913032
		1.969325976184204
		0.5630893994872872
		5.852424181979511
		6.771480632838455
		6.683957974683876
		3.743251110262657
		2.097535372280804
		1.915907017429025
		5.964352836946997
		5.5806819782293
		7.625482220530617
		3.184028978168328
		2.837781014205808
		3.849443110396619
		11.71721538980485
		13.5258109791499
		13.98319297001331
		7.604618164722369
		4.611235789797231
# Tue 10:46:39 14-Nov-2017
begin	b1008
	task	fitcoords
	axis	1
	units	angstroms
	surface	32
		2.
		6.
		4.
		1.
		1.
		2112.
		1.
		350.
		4685.345996468469
		1523.61841223952
		61.67136988642254
		-6.067033022353334
		2.253788017913032
		1.969325976184204
		0.5630893994872872
		5.852424181979511
		6.771480632838455
		6.683957974683876
		3.743251110262657
		2.097535372280804
		1.915907017429025
		5.964352836946997
		5.5806819782293
		7.625482220530617
		3.184028978168328
		2.837781014205808
		3.849443110396619
		11.71721538980485
		13.5258109791499
		13.98319297001331
		7.604618164722369
		4.611235789797231
# Tue 16:45:28 14-Nov-2017
begin	b1008
	task	fitcoords
	axis	1
	units	angstroms
	surface	32
		2.
		6.
		4.
		1.
		1.
		2112.
		1.
		350.
		4685.345996468469
		1523.61841223952
		61.67136988642254
		-6.067033022353334
		2.253788017913032
		1.969325976184204
		0.5630893994872872
		5.852424181979511
		6.771480632838455
		6.683957974683876
		3.743251110262657
		2.097535372280804
		1.915907017429025
		5.964352836946997
		5.5806819782293
		7.625482220530617
		3.184028978168328
		2.837781014205808
		3.849443110396619
		11.71721538980485
		13.5258109791499
		13.98319297001331
		7.604618164722369
		4.611235789797231
# Tue 16:46:55 14-Nov-2017
begin	b1008
	task	fitcoords
	axis	1
	units	angstroms
	surface	32
		2.
		6.
		4.
		1.
		1.
		2112.
		1.
		350.
		4685.345996468469
		1523.61841223952
		61.67136988642254
		-6.067033022353334
		2.253788017913032
		1.969325976184204
		0.5630893994872872
		5.852424181979511
		6.771480632838455
		6.683957974683876
		3.743251110262657
		2.097535372280804
		1.915907017429025
		5.964352836946997
		5.5806819782293
		7.625482220530617
		3.184028978168328
		2.837781014205808
		3.849443110396619
		11.71721538980485
		13.5258109791499
		13.98319297001331
		7.604618164722369
		4.611235789797231
# Mon 13:29:08 20-Nov-2017
begin	b1008
	task	fitcoords
	axis	1
	units	angstroms
	surface	32
		2.
		6.
		4.
		1.
		1.
		2112.
		1.
		350.
		4685.345996468469
		1523.61841223952
		61.67136988642254
		-6.067033022353334
		2.253788017913032
		1.969325976184204
		0.5630893994872872
		5.852424181979511
		6.771480632838455
		6.683957974683876
		3.743251110262657
		2.097535372280804
		1.915907017429025
		5.964352836946997
		5.5806819782293
		7.625482220530617
		3.184028978168328
		2.837781014205808
		3.849443110396619
		11.71721538980485
		13.5258109791499
		13.98319297001331
		7.604618164722369
		4.611235789797231
# Mon 13:31:38 20-Nov-2017
begin	b1008
	task	fitcoords
	axis	1
	units	angstroms
	surface	32
		2.
		6.
		4.
		1.
		1.
		2112.
		1.
		350.
		4685.345996468469
		1523.61841223952
		61.67136988642254
		-6.067033022353334
		2.253788017913032
		1.969325976184204
		0.5630893994872872
		5.852424181979511
		6.771480632838455
		6.683957974683876
		3.743251110262657
		2.097535372280804
		1.915907017429025
		5.964352836946997
		5.5806819782293
		7.625482220530617
		3.184028978168328
		2.837781014205808
		3.849443110396619
		11.71721538980485
		13.5258109791499
		13.98319297001331
		7.604618164722369
		4.611235789797231
# Mon 13:35:39 20-Nov-2017
begin	b1008
	task	fitcoords
	axis	1
	units	angstroms
	surface	32
		2.
		6.
		4.
		1.
		1.
		2112.
		1.
		350.
		4685.345996468469
		1523.61841223952
		61.67136988642254
		-6.067033022353334
		2.253788017913032
		1.969325976184204
		0.5630893994872872
		5.852424181979511
		6.771480632838455
		6.683957974683876
		3.743251110262657
		2.097535372280804
		1.915907017429025
		5.964352836946997
		5.5806819782293
		7.625482220530617
		3.184028978168328
		2.837781014205808
		3.849443110396619
		11.71721538980485
		13.5258109791499
		13.98319297001331
		7.604618164722369
		4.611235789797231
# Mon 13:58:16 20-Nov-2017
begin	b1008
	task	fitcoords
	axis	1
	units	angstroms
	surface	32
		2.
		6.
		4.
		1.
		1.
		2112.
		1.
		350.
		4685.345996468469
		1523.61841223952
		61.67136988642254
		-6.067033022353334
		2.253788017913032
		1.969325976184204
		0.5630893994872872
		5.852424181979511
		6.771480632838455
		6.683957974683876
		3.743251110262657
		2.097535372280804
		1.915907017429025
		5.964352836946997
		5.5806819782293
		7.625482220530617
		3.184028978168328
		2.837781014205808
		3.849443110396619
		11.71721538980485
		13.5258109791499
		13.98319297001331
		7.604618164722369
		4.611235789797231
# Mon 14:01:33 20-Nov-2017
begin	b1008
	task	fitcoords
	axis	1
	units	angstroms
	surface	32
		2.
		6.
		4.
		1.
		1.
		2112.
		1.
		350.
		4685.345996468469
		1523.61841223952
		61.67136988642254
		-6.067033022353334
		2.253788017913032
		1.969325976184204
		0.5630893994872872
		5.852424181979511
		6.771480632838455
		6.683957974683876
		3.743251110262657
		2.097535372280804
		1.915907017429025
		5.964352836946997
		5.5806819782293
		7.625482220530617
		3.184028978168328
		2.837781014205808
		3.849443110396619
		11.71721538980485
		13.5258109791499
		13.98319297001331
		7.604618164722369
		4.611235789797231
